0 0 0.00 0.00
0 0.2 0.10 0.00
0 0.3 0.20 0.01
0 0.3 0.30 0.01
0 0.3 0.40 0.02
0 0.4 0.50 0.03
0 0.4 0.60 0.04
0 0.4 0.70 0.05
0 0.5 0.80 0.06
0 0.5 0.90 0.08
0 0.5 0.99 0.10
0 0.6 1.09 0.11
0 0.6 1.19 0.14
0 0.6 1.29 0.16
0 0.7 1.38 0.18
0 0.7 1.48 0.21
0 0.8 1.58 0.24
0 0.8 1.67 0.26
0 0.9 1.77 0.30
0 0.9 1.86 0.33
0 1.0 1.96 0.36
0 1.0 2.05 0.40
0 1.1 2.14 0.44
0 1.1 2.23 0.47
0 1.2 2.33 0.52
0 1.2 2.42 0.56
0 1.3 2.51 0.60
0 1.3 2.60 0.65
0 1.4 2.68 0.69
0 1.4 2.77 0.74
0 1.5 2.86 0.79
0 1.5 2.94 0.84
0 1.6 3.03 0.90
0 1.6 3.11 0.95
0 1.7 3.20 1.01
0 1.7 3.28 1.06
0 1.8 3.36 1.12
0 1.8 3.44 1.18
0 1.9 3.52 1.25
0 1.9 3.59 1.31
0 2.0 3.67 1.37
0 2.0 3.75 1.44
0 2.1 3.82 1.51
0 2.1 3.89 1.57
0 2.2 3.97 1.64
0 2.2 4.04 1.71
0 2.3 4.11 1.79
0 2.3 4.17 1.86
0 2.4 4.24 1.93
0 2.4 4.31 2.01
0 2.5 4.37 2.08
0 2.5 4.43 2.16
0 2.6 4.50 2.24
0 2.6 4.56 2.32
0 2.7 4.61 2.40
0 2.7 4.67 2.48
0 2.8 4.73 2.57
0 2.8 4.78 2.65
0 2.9 4.84 2.74
0 2.9 4.89 2.82
0 3.0 4.94 2.91
0 3.0 4.99 3.00
0 3.1 5.03 3.08
0 3.1 5.08 3.17
0 3.2 5.12 3.26
0 3.2 5.16 3.35
0 3.3 5.20 3.44
0 3.3 5.24 3.54
0 3.4 5.28 3.63
0 3.4 5.32 3.72
0 3.5 5.35 3.82
0 3.5 5.38 3.91
0 3.6 5.41 4.01
0 3.6 5.44 4.10
0 3.7 5.47 4.20
0 3.7 5.50 4.29
0 3.8 5.52 4.39
0 3.8 5.54 4.49
0 3.9 5.56 4.59
0 3.9 5.58 4.69
0 4.0 5.60 4.78
0 4.0 5.62 4.88
0 4.1 5.63 4.98
0 4.1 5.64 5.08
0 4.2 5.65 5.18
0 4.2 5.66 5.28
0 4.3 5.67 5.38
0 4.3 5.67 5.48
0 4.4 5.68 5.58
0 4.4 5.68 5.68
0 4.5 5.68 5.78
0 4.5 5.68 5.88
0 4.6 5.67 5.98
0 4.6 5.67 6.08
0 4.7 5.66 6.18
0 4.7 5.65 6.28
0 4.8 5.64 6.38
0 4.8 5.63 6.48
0 4.9 5.62 6.58
0 4.9 5.60 6.68
0 5.0 5.58 6.77
0 5.0 5.56 6.87
0 5.1 5.54 6.97
0 5.1 5.52 7.07
0 5.2 5.50 7.16
0 5.2 5.47 7.26
0 5.3 5.44 7.36
0 5.3 5.41 7.45
0 5.4 5.38 7.55
0 5.4 5.35 7.64
0 5.5 5.32 7.74
0 5.5 5.28 7.83
0 5.6 5.24 7.92
0 5.6 5.20 8.01
0 5.7 5.16 8.11
0 5.7 5.12 8.20
0 5.8 5.08 8.29
0 5.8 5.03 8.38
0 5.9 4.99 8.46
0 5.9 4.94 8.55
0 6.0 4.89 8.64
0 6.0 4.84 8.72
0 6.1 4.78 8.81
0 6.1 4.73 8.89
0 6.2 4.67 8.97
0 6.2 4.61 9.06
0 6.3 4.56 9.14
0 6.3 4.50 9.22
0 6.4 4.43 9.30
0 6.4 4.37 9.37
0 6.5 4.31 9.45
0 6.5 4.24 9.53
0 6.6 4.17 9.60
0 6.6 4.11 9.67
0 6.7 4.04 9.75
0 6.7 3.97 9.82
0 6.8 3.89 9.89
0 6.8 3.82 9.95
0 6.9 3.75 10.02
0 6.9 3.67 10.09
0 7.0 3.59 10.15
0 7.0 3.52 10.21
0 7.1 3.44 10.28
0 7.1 3.36 10.34
0 7.2 3.28 10.39
0 7.2 3.20 10.45
0 7.3 3.11 10.51
0 7.3 3.03 10.56
0 7.4 2.94 10.61
0 7.4 2.86 10.67
0 7.5 2.77 10.72
0 7.5 2.68 10.76
0 7.6 2.60 10.81
0 7.6 2.51 10.86
0 7.7 2.42 10.90
0 7.7 2.33 10.94
0 7.8 2.23 10.98
0 7.8 2.14 11.02
0 7.9 2.05 11.06
0 7.9 1.96 11.10
0 8.0 1.86 11.13
0 8.0 1.77 11.16
0 8.1 1.67 11.19
0 8.1 1.58 11.22
0 8.2 1.48 11.25
0 8.2 1.38 11.28
0 8.3 1.29 11.30
0 8.3 1.19 11.32
0 8.4 1.09 11.34
0 8.4 0.99 11.36
0 8.5 0.90 11.38
0 8.5 0.80 11.40
0 8.6 0.70 11.41
0 8.6 0.60 11.42
0 8.7 0.50 11.43
0 8.7 0.40 11.44
0 8.8 0.30 11.45
0 8.8 0.20 11.45
0 8.9 0.10 11.46
0 8.9 -0.00 11.46
0 9.0 -0.10 11.46
0 9.0 -0.20 11.46
0 9.1 -0.30 11.45
0 9.1 -0.40 11.45
0 9.2 -0.50 11.44
0 9.2 -0.60 11.43
0 9.3 -0.70 11.42
0 9.3 -0.80 11.41
0 9.4 -0.90 11.40
0 9.4 -1.00 11.38
0 9.5 -1.09 11.36
0 9.5 -1.19 11.34
0 9.6 -1.29 11.32
0 9.6 -1.39 11.30
0 9.7 -1.48 11.28
0 9.7 -1.58 11.25
0 9.8 -1.68 11.22
0 9.8 -1.77 11.19
0 9.9 -1.87 11.16
0 9.9 -1.96 11.13
0 10.0 -2.06 11.10
0 10.0 -2.15 11.06
0 10.1 -2.24 11.02
0 10.1 -2.33 10.98
0 10.2 -2.43 10.94
0 10.2 -2.52 10.90
0 10.3 -2.61 10.86
0 10.3 -2.70 10.81
0 10.4 -2.78 10.76
0 10.4 -2.87 10.72
0 10.5 -2.96 10.67
0 10.5 -3.04 10.61
0 10.6 -3.13 10.56
0 10.6 -3.21 10.51
0 10.7 -3.30 10.45
0 10.7 -3.38 10.39
0 10.8 -3.46 10.34
0 10.8 -3.54 10.28
0 10.9 -3.62 10.21
0 10.9 -3.69 10.15
0 11.0 -3.77 10.09
0 11.0 -3.85 10.02
0 11.1 -3.92 9.95
0 11.1 -3.99 9.89
0 11.2 -4.07 9.82
0 11.2 -4.14 9.75
0 11.3 -4.21 9.67
0 11.3 -4.27 9.60
0 11.4 -4.34 9.53
0 11.4 -4.41 9.45
0 11.5 -4.47 9.37
0 11.5 -4.53 9.30
0 11.6 -4.60 9.22
0 11.6 -4.66 9.14
0 11.7 -4.71 9.06
0 11.7 -4.77 8.97
0 11.8 -4.83 8.89
0 11.8 -4.88 8.81
0 11.9 -4.94 8.72
0 11.9 -4.99 8.64
0 12.0 -5.04 8.55
0 12.0 -5.09 8.46
0 12.1 -5.13 8.38
0 12.1 -5.18 8.29
0 12.2 -5.22 8.20
0 12.2 -5.26 8.11
0 12.3 -5.30 8.01
0 12.3 -5.34 7.92
0 12.4 -5.38 7.83
0 12.4 -5.42 7.74
0 12.5 -5.45 7.64
0 12.5 -5.48 7.55
0 12.6 -5.51 7.45
0 12.6 -5.54 7.36
0 12.7 -5.57 7.26
0 12.7 -5.60 7.16
0 12.8 -5.62 7.07
0 12.8 -5.64 6.97
0 12.9 -5.66 6.87
0 12.9 -5.68 6.77
0 13.0 -5.70 6.68
0 13.0 -5.72 6.58
0 13.1 -5.73 6.48
0 13.1 -5.74 6.38
0 13.2 -5.75 6.28
0 13.2 -5.76 6.18
0 13.3 -5.77 6.08
0 13.3 -5.77 5.98
0 13.4 -5.78 5.88
0 13.4 -5.78 5.78
0 13.5 -5.78 5.68
0 13.5 -5.78 5.58
0 13.6 -5.77 5.48
0 13.6 -5.77 5.38
0 13.7 -5.76 5.28
0 13.7 -5.75 5.18
0 13.8 -5.74 5.08
0 13.8 -5.73 4.98
0 13.9 -5.72 4.88
0 13.9 -5.70 4.78
0 14.0 -5.68 4.69
0 14.0 -5.66 4.59
0 14.1 -5.64 4.49
0 14.1 -5.62 4.39
0 14.2 -5.60 4.29
0 14.2 -5.57 4.20
0 14.3 -5.54 4.10
0 14.3 -5.51 4.01
0 14.4 -5.48 3.91
0 14.4 -5.45 3.82
0 14.5 -5.42 3.72
0 14.5 -5.38 3.63
0 14.6 -5.34 3.54
0 14.6 -5.30 3.44
0 14.7 -5.26 3.35
0 14.7 -5.22 3.26
0 14.8 -5.18 3.17
0 14.8 -5.13 3.08
0 14.9 -5.09 3.00
0 14.9 -5.04 2.91
0 15.0 -4.99 2.82
0 15.0 -4.94 2.74
0 15.1 -4.88 2.65
0 15.1 -4.83 2.57
0 15.2 -4.77 2.48
0 15.2 -4.71 2.40
0 15.3 -4.66 2.32
0 15.3 -4.60 2.24
0 15.4 -4.53 2.16
0 15.4 -4.47 2.08
0 15.5 -4.41 2.01
0 15.5 -4.34 1.93
0 15.6 -4.27 1.86
0 15.6 -4.21 1.79
0 15.7 -4.14 1.71
0 15.7 -4.07 1.64
0 15.8 -3.99 1.57
0 15.8 -3.92 1.51
0 15.9 -3.85 1.44
0 15.9 -3.77 1.37
0 16.0 -3.69 1.31
0 16.0 -3.62 1.25
0 16.1 -3.54 1.18
0 16.1 -3.46 1.12
0 16.2 -3.38 1.06
0 16.2 -3.30 1.01
0 16.3 -3.21 0.95
0 16.3 -3.13 0.90
0 16.4 -3.04 0.84
0 16.4 -2.96 0.79
0 16.5 -2.87 0.74
0 16.5 -2.78 0.69
0 16.6 -2.70 0.65
0 16.6 -2.61 0.60
0 16.7 -2.52 0.56
0 16.7 -2.43 0.52
0 16.8 -2.33 0.47
0 16.8 -2.24 0.44
0 16.9 -2.15 0.40
0 16.9 -2.06 0.36
0 17.0 -1.96 0.33
0 17.0 -1.87 0.30
0 17.1 -1.77 0.26
0 17.1 -1.68 0.24
0 17.2 -1.58 0.21
0 17.2 -1.48 0.18
0 17.3 -1.39 0.16
0 17.3 -1.29 0.14
0 17.4 -1.19 0.11
0 17.4 -1.09 0.10
0 17.5 -1.00 0.08
0 17.5 -0.90 0.06
0 17.6 -0.80 0.05
0 17.6 -0.70 0.04
0 17.7 -0.60 0.03
0 17.7 -0.50 0.02
0 17.8 -0.40 0.01
0 17.8 -0.30 0.01
0 17.9 -0.20 0.00
0 17.9 -0.10 0.00
0 18.0 -0.00 0.00
