0 0.0 0.00 0.00
0 0.5 0.10 0.00
0 0.5 0.20 0.01
0 0.5 0.30 0.01
0 0.6 0.40 0.02
0 0.6 0.50 0.03
0 0.6 0.60 0.04
0 0.7 0.70 0.05
0 0.7 0.80 0.06
0 0.8 0.90 0.08
0 0.9 0.99 0.10
0 1.0 1.09 0.11
0 1.1 1.19 0.14
0 1.2 1.29 0.16
0 1.3 1.38 0.18
0 1.4 1.48 0.21
0 1.5 1.58 0.24
0 1.6 1.67 0.26
0 1.7 1.77 0.30
0 1.8 1.86 0.33
0 1.9 1.96 0.36
0 2.0 2.05 0.40
0 2.1 2.14 0.44
0 2.2 2.23 0.47
0 2.3 2.33 0.52
0 2.4 2.42 0.56
0 2.5 2.51 0.60
0 2.6 2.60 0.65
0 2.7 2.68 0.69
0 2.8 2.77 0.74
0 2.9 2.86 0.79
0 3.0 2.94 0.84
0 3.1 3.03 0.90
0 3.2 3.11 0.95
0 3.3 3.20 1.01
0 3.4 3.28 1.06
0 3.5 3.36 1.12
0 3.6 3.44 1.18
0 3.7 3.52 1.25
0 3.8 3.59 1.31
0 3.9 3.67 1.37
0 4.0 3.75 1.44
0 4.1 3.82 1.51
0 4.2 3.89 1.57
0 4.3 3.97 1.64
0 4.4 4.04 1.71
0 4.5 4.11 1.79
0 4.6 4.17 1.86
0 4.7 4.24 1.93
0 4.8 4.31 2.01
0 4.9 4.37 2.08
0 5.0 4.43 2.16
0 5.1 4.50 2.24
0 5.2 4.56 2.32
0 5.3 4.61 2.40
0 5.4 4.67 2.48
0 5.5 4.73 2.57
0 5.6 4.78 2.65
0 5.7 4.84 2.74
0 5.8 4.89 2.82
0 5.9 4.94 2.91
0 6.0 4.99 3.00
0 6.1 5.03 3.08
0 6.2 5.08 3.17
0 6.3 5.12 3.26
0 6.4 5.16 3.35
0 6.5 5.20 3.44
0 6.6 5.24 3.54
0 6.7 5.28 3.63
0 6.8 5.32 3.72
0 6.9 5.35 3.82
0 7.0 5.38 3.91
0 7.1 5.41 4.01
0 7.2 5.44 4.10
0 7.3 5.47 4.20
0 7.4 5.50 4.29
0 7.5 5.52 4.39
0 7.6 5.54 4.49
0 7.7 5.56 4.59
0 7.8 5.58 4.69
0 7.9 5.60 4.78
0 8.0 5.62 4.88
0 8.1 5.63 4.98
0 8.2 5.64 5.08
0 8.3 5.65 5.18
0 8.4 5.66 5.28
0 8.5 5.67 5.38
0 8.6 5.67 5.48
0 8.7 5.68 5.58
0 8.8 5.68 5.68
0 8.9 5.68 5.78
0 9.0 5.68 5.88
0 9.1 5.67 5.98
0 9.2 5.67 6.08
0 9.3 5.66 6.18
0 9.4 5.65 6.28
0 9.5 5.64 6.38
0 9.6 5.63 6.48
0 9.7 5.62 6.58
0 9.8 5.60 6.68
0 9.9 5.58 6.77
0 10.0 5.56 6.87
0 10.1 5.54 6.97
0 10.2 5.52 7.07
0 10.3 5.50 7.16
0 10.4 5.47 7.26
0 10.5 5.44 7.36
0 10.6 5.41 7.45
0 10.7 5.38 7.55
0 10.8 5.35 7.64
0 10.9 5.32 7.74
0 11.0 5.28 7.83
0 11.1 5.24 7.92
0 11.2 5.20 8.01
0 11.3 5.16 8.11
0 11.4 5.12 8.20
0 11.5 5.08 8.29
0 11.6 5.03 8.38
0 11.7 4.99 8.46
0 11.8 4.94 8.55
0 11.9 4.89 8.64
0 12.0 4.84 8.72
0 12.1 4.78 8.81
0 12.2 4.73 8.89
0 12.3 4.67 8.97
0 12.4 4.61 9.06
0 12.5 4.56 9.14
0 12.6 4.50 9.22
0 12.7 4.43 9.30
0 12.8 4.37 9.37
0 12.9 4.31 9.45
0 13.0 4.24 9.53
0 13.1 4.17 9.60
0 13.2 4.11 9.67
0 13.3 4.04 9.75
0 13.4 3.97 9.82
0 13.5 3.89 9.89
0 13.6 3.82 9.95
0 13.7 3.75 10.02
0 13.8 3.67 10.09
0 13.9 3.59 10.15
0 14.0 3.52 10.21
0 14.1 3.44 10.28
0 14.2 3.36 10.34
0 14.3 3.28 10.39
0 14.4 3.20 10.45
0 14.5 3.11 10.51
0 14.6 3.03 10.56
0 14.7 2.94 10.61
0 14.8 2.86 10.67
0 14.9 2.77 10.72
0 15.0 2.68 10.76
0 15.1 2.60 10.81
0 15.2 2.51 10.86
0 15.3 2.42 10.90
0 15.4 2.33 10.94
0 15.5 2.23 10.98
0 15.6 2.14 11.02
0 15.7 2.05 11.06
0 15.8 1.96 11.10
0 15.9 1.86 11.13
0 16.0 1.77 11.16
0 16.1 1.67 11.19
0 16.2 1.58 11.22
0 16.3 1.48 11.25
0 16.4 1.38 11.28
0 16.5 1.29 11.30
0 16.6 1.19 11.32
0 16.7 1.09 11.34
0 16.8 0.99 11.36
0 16.9 0.90 11.38
0 17.0 0.80 11.40
0 17.1 0.70 11.41
0 17.2 0.60 11.42
0 17.3 0.50 11.43
0 17.4 0.40 11.44
0 17.5 0.30 11.45
0 17.6 0.20 11.45
0 17.7 0.10 11.46
0 17.8 -0.00 11.46
0 17.9 -0.10 11.46
0 18.0 -0.20 11.46
0 18.1 -0.30 11.45
0 18.2 -0.40 11.45
0 18.3 -0.50 11.44
0 18.4 -0.60 11.43
0 18.5 -0.70 11.42
0 18.6 -0.80 11.41
0 18.7 -0.90 11.40
0 18.8 -1.00 11.38
0 18.9 -1.09 11.36
0 19.0 -1.19 11.34
0 19.1 -1.29 11.32
0 19.2 -1.39 11.30
0 19.3 -1.48 11.28
0 19.4 -1.58 11.25
0 19.5 -1.68 11.22
0 19.6 -1.77 11.19
0 19.7 -1.87 11.16
0 19.8 -1.96 11.13
0 19.9 -2.06 11.10
0 20.0 -2.15 11.06
0 20.1 -2.24 11.02
0 20.2 -2.33 10.98
0 20.3 -2.43 10.94
0 20.4 -2.52 10.90
0 20.5 -2.61 10.86
0 20.6 -2.70 10.81
0 20.7 -2.78 10.76
0 20.8 -2.87 10.72
0 20.9 -2.96 10.67
0 21.0 -3.04 10.61
0 21.1 -3.13 10.56
0 21.2 -3.21 10.51
0 21.3 -3.30 10.45
0 21.4 -3.38 10.39
0 21.5 -3.46 10.34
0 21.6 -3.54 10.28
0 21.7 -3.62 10.21
0 21.8 -3.69 10.15
0 21.9 -3.77 10.09
0 22.0 -3.85 10.02
0 22.1 -3.92 9.95
0 22.2 -3.99 9.89
0 22.3 -4.07 9.82
0 22.4 -4.14 9.75
0 22.5 -4.21 9.67
0 22.6 -4.27 9.60
0 22.7 -4.34 9.53
0 22.8 -4.41 9.45
0 22.9 -4.47 9.37
0 23.0 -4.53 9.30
0 23.1 -4.60 9.22
0 23.2 -4.66 9.14
0 23.3 -4.71 9.06
0 23.4 -4.77 8.97
0 23.5 -4.83 8.89
0 23.6 -4.88 8.81
0 23.7 -4.94 8.72
0 23.8 -4.99 8.64
0 23.9 -5.04 8.55
0 24.0 -5.09 8.46
0 24.1 -5.13 8.38
0 24.2 -5.18 8.29
0 24.3 -5.22 8.20
0 24.4 -5.26 8.11
0 24.5 -5.30 8.01
0 24.6 -5.34 7.92
0 24.7 -5.38 7.83
0 24.8 -5.42 7.74
0 24.9 -5.45 7.64
0 25.0 -5.48 7.55
0 25.1 -5.51 7.45
0 25.2 -5.54 7.36
0 25.3 -5.57 7.26
0 25.4 -5.60 7.16
0 25.5 -5.62 7.07
0 25.6 -5.64 6.97
0 25.7 -5.66 6.87
0 25.8 -5.68 6.77
0 25.9 -5.70 6.68
0 26.0 -5.72 6.58
0 26.1 -5.73 6.48
0 26.2 -5.74 6.38
0 26.3 -5.75 6.28
0 26.4 -5.76 6.18
0 26.5 -5.77 6.08
0 26.6 -5.77 5.98
0 26.7 -5.78 5.88
0 26.8 -5.78 5.78
0 26.9 -5.78 5.68
0 27.0 -5.78 5.58
0 27.1 -5.77 5.48
0 27.2 -5.77 5.38
0 27.3 -5.76 5.28
0 27.4 -5.75 5.18
0 27.5 -5.74 5.08
0 27.6 -5.73 4.98
0 27.7 -5.72 4.88
0 27.8 -5.70 4.78
0 27.9 -5.68 4.69
0 28.0 -5.66 4.59
0 28.1 -5.64 4.49
0 28.2 -5.62 4.39
0 28.3 -5.60 4.29
0 28.4 -5.57 4.20
0 28.5 -5.54 4.10
0 28.6 -5.51 4.01
0 28.7 -5.48 3.91
0 28.8 -5.45 3.82
0 28.9 -5.42 3.72
0 29.0 -5.38 3.63
0 29.1 -5.34 3.54
0 29.2 -5.30 3.44
0 29.3 -5.26 3.35
0 29.4 -5.22 3.26
0 29.5 -5.18 3.17
0 29.6 -5.13 3.08
0 29.7 -5.09 3.00
0 29.8 -5.04 2.91
0 29.9 -4.99 2.82
0 30.0 -4.94 2.74
0 30.1 -4.88 2.65
0 30.2 -4.83 2.57
0 30.3 -4.77 2.48
0 30.4 -4.71 2.40
0 30.5 -4.66 2.32
0 30.6 -4.60 2.24
0 30.7 -4.53 2.16
0 30.8 -4.47 2.08
0 30.9 -4.41 2.01
0 31.0 -4.34 1.93
0 31.1 -4.27 1.86
0 31.2 -4.21 1.79
0 31.3 -4.14 1.71
0 31.4 -4.07 1.64
0 31.5 -3.99 1.57
0 31.6 -3.92 1.51
0 31.7 -3.85 1.44
0 31.8 -3.77 1.37
0 31.9 -3.69 1.31
0 32.0 -3.62 1.25
0 32.1 -3.54 1.18
0 32.2 -3.46 1.12
0 32.3 -3.38 1.06
0 32.4 -3.30 1.01
0 32.5 -3.21 0.95
0 32.6 -3.13 0.90
0 32.7 -3.04 0.84
0 32.8 -2.96 0.79
0 32.9 -2.87 0.74
0 33.0 -2.78 0.69
0 33.1 -2.70 0.65
0 33.2 -2.61 0.60
0 33.3 -2.52 0.56
0 33.4 -2.43 0.52
0 33.5 -2.33 0.47
0 33.6 -2.24 0.44
0 33.7 -2.15 0.40
0 33.8 -2.06 0.36
0 33.9 -1.96 0.33
0 34.0 -1.87 0.30
0 34.1 -1.77 0.26
0 34.2 -1.68 0.24
0 34.3 -1.58 0.21
0 34.4 -1.48 0.18
0 34.5 -1.39 0.16
0 34.6 -1.29 0.14
0 34.7 -1.19 0.11
0 34.8 -1.09 0.10
0 34.9 -1.00 0.08
0 35.0 -0.90 0.06
0 35.1 -0.80 0.05
0 35.2 -0.70 0.04
0 35.3 -0.60 0.03
0 35.4 -0.50 0.02
0 35.5 -0.40 0.01
0 35.6 -0.30 0.01
0 35.7 -0.20 0.00
0 35.8 -0.10 0.00
0 35.9 -0.00 0.00