0 0.0 0.0 0.00
0 0.2 0.20 0.00
0 0.2 0.40 0.00
0 0.4 0.60 0.01
0 0.6 0.80 0.01
0 0.8 1.00 0.01
0 1.0 1.20 0.02
0 1.2 1.40 0.02
0 1.4 1.59 0.03
0 1.6 1.79 0.04
0 1.8 1.99 0.05
0 2.0 2.18 0.06
0 2.2 2.38 0.07
0 2.4 2.58 0.08
0 2.6 2.77 0.09
0 2.8 2.96 0.10
0 3.0 3.15 0.12
0 3.2 3.35 0.13
0 3.4 3.54 0.15
0 3.6 3.73 0.16
0 3.8 3.91 0.18
0 4.0 4.10 0.20
0 4.2 4.29 0.22
0 4.4 4.47 0.24
0 4.6 4.65 0.26
0 4.8 4.83 0.28
0 5.0 5.01 0.30
0 5.2 5.19 0.32
0 5.4 5.37 0.35
0 5.6 5.54 0.37
0 5.8 5.72 0.40
0 6.0 5.89 0.42
0 6.2 6.06 0.45
0 6.4 6.22 0.48
0 6.6 6.39 0.50
0 6.8 6.55 0.53
0 7.0 6.72 0.56
0 7.2 6.88 0.59
0 7.4 7.03 0.62
0 7.6 7.19 0.65
0 7.8 7.34 0.69
0 8.0 7.49 0.72
0 8.2 7.64 0.75
0 8.4 7.79 0.79
0 8.6 7.93 0.82
0 8.8 8.07 0.86
0 9.0 8.21 0.89
0 9.2 8.35 0.93
0 9.4 8.48 0.97
0 9.6 8.61 1.00
0 9.8 8.74 1.04
0 10.0 8.87 1.08
0 10.2 8.99 1.12
0 10.4 9.11 1.16
0 10.6 9.23 1.20
0 10.8 9.34 1.24
0 11.0 9.46 1.28
0 11.2 9.56 1.33
0 11.4 9.67 1.37
0 11.6 9.77 1.41
0 11.8 9.87 1.45
0 12.0 9.97 1.50
0 12.2 10.06 1.54
0 12.4 10.16 1.59
0 12.6 10.24 1.63
0 12.8 10.33 1.68
0 13.0 10.41 1.72
0 13.2 10.49 1.77
0 13.4 10.56 1.81
0 13.6 10.63 1.86
0 13.8 10.70 1.91
0 14.0 10.77 1.96
0 14.2 10.83 2.00
0 14.4 10.89 2.05
0 14.6 10.94 2.10
0 14.8 10.99 2.15
0 15.0 11.04 2.20
0 15.2 11.09 2.24
0 15.4 11.13 2.29
0 15.6 11.17 2.34
0 15.8 11.20 2.39
0 16.0 11.23 2.44
0 16.2 11.26 2.49
0 16.4 11.29 2.54
0 16.6 11.31 2.59
0 16.8 11.32 2.64
0 17.0 11.34 2.69
0 17.2 11.35 2.74
0 17.4 11.36 2.79
0 17.6 11.36 2.84
0 17.8 11.36 2.89
0 18.0 11.36 2.94
0 18.2 11.35 2.99
0 18.4 11.34 3.04
0 18.6 11.32 3.09
0 18.8 11.31 3.14
0 19.0 11.29 3.19
0 19.2 11.26 3.24
0 19.4 11.23 3.29
0 19.6 11.20 3.34
0 19.8 11.17 3.39
0 20.0 11.13 3.44
0 20.2 11.09 3.48
0 20.4 11.04 3.53
0 20.6 10.99 3.58
0 20.8 10.94 3.63
0 21.0 10.89 3.68
0 21.2 10.83 3.73
0 21.4 10.77 3.77
0 21.6 10.70 3.82
0 21.8 10.63 3.87
0 22.0 10.56 3.91
0 22.2 10.49 3.96
0 22.4 10.41 4.01
0 22.6 10.33 4.05
0 22.8 10.24 4.10
0 23.0 10.16 4.14
0 23.2 10.06 4.19
0 23.4 9.97 4.23
0 23.6 9.87 4.28
0 23.8 9.77 4.32
0 24.0 9.67 4.36
0 24.2 9.56 4.40
0 24.4 9.46 4.45
0 24.6 9.34 4.49
0 24.8 9.23 4.53
0 25.0 9.11 4.57
0 25.2 8.99 4.61
0 25.4 8.87 4.65
0 25.6 8.74 4.69
0 25.8 8.61 4.73
0 26.0 8.48 4.76
0 26.2 8.35 4.80
0 26.4 8.21 4.84
0 26.6 8.07 4.87
0 26.8 7.93 4.91
0 27.0 7.79 4.94
0 27.2 7.64 4.98
0 27.4 7.49 5.01
0 27.6 7.34 5.04
0 27.8 7.19 5.08
0 28.0 7.03 5.11
0 28.2 6.88 5.14
0 28.4 6.72 5.17
0 28.6 6.55 5.20
0 28.8 6.39 5.23
0 29.0 6.22 5.25
0 29.2 6.06 5.28
0 29.4 5.89 5.31
0 29.6 5.72 5.33
0 29.8 5.54 5.36
0 30.0 5.37 5.38
0 30.2 5.19 5.41
0 30.4 5.01 5.43
0 30.6 4.83 5.45
0 30.8 4.65 5.47
0 31.0 4.47 5.49
0 31.2 4.29 5.51
0 31.4 4.10 5.53
0 31.6 3.91 5.55
0 31.8 3.73 5.57
0 32.0 3.54 5.58
0 32.2 3.35 5.60
0 32.4 3.15 5.61
0 32.6 2.96 5.63
0 32.8 2.77 5.64
0 33.0 2.58 5.65
0 33.2 2.38 5.66
0 33.4 2.18 5.67
0 33.6 1.99 5.68
0 33.8 1.79 5.69
0 34.0 1.59 5.70
0 34.2 1.40 5.71
0 34.4 1.20 5.71
0 34.6 1.00 5.72
0 34.8 0.80 5.72
0 35.0 0.60 5.72
0 35.2 0.40 5.73
0 35.4 0.20 5.73
0 35.6 -0.00 5.73
0 35.8 -0.20 5.73
0 36.0 -0.40 5.73
0 36.2 -0.60 5.73
0 36.4 -0.80 5.72
0 36.6 -1.00 5.72
0 36.8 -1.20 5.72
0 37.0 -1.40 5.71
0 37.2 -1.60 5.71
0 37.4 -1.79 5.70
0 37.6 -1.99 5.69
0 37.8 -2.19 5.68
0 38.0 -2.38 5.67
0 38.2 -2.58 5.66
0 38.4 -2.78 5.65
0 38.6 -2.97 5.64
0 38.8 -3.16 5.63
0 39.0 -3.35 5.61
0 39.2 -3.55 5.60
0 39.4 -3.74 5.58
0 39.6 -3.93 5.57
0 39.8 -4.11 5.55
0 40.0 -4.30 5.53
0 40.2 -4.49 5.51
0 40.4 -4.67 5.49
0 40.6 -4.85 5.47
0 40.8 -5.03 5.45
0 41.0 -5.21 5.43
0 41.2 -5.39 5.41
0 41.4 -5.57 5.38
0 41.6 -5.74 5.36
0 41.8 -5.92 5.33
0 42.0 -6.09 5.31
0 42.2 -6.26 5.28
0 42.4 -6.42 5.25
0 42.6 -6.59 5.23
0 42.8 -6.75 5.20
0 43.0 -6.92 5.17
0 43.2 -7.08 5.14
0 43.4 -7.23 5.11
0 43.6 -7.39 5.08
0 43.8 -7.54 5.04
0 44.0 -7.69 5.01
0 44.2 -7.84 4.98
0 44.4 -7.99 4.94
0 44.6 -8.13 4.91
0 44.8 -8.27 4.87
0 45.0 -8.41 4.84
0 45.2 -8.55 4.80
0 45.4 -8.68 4.76
0 45.6 -8.81 4.73
0 45.8 -8.94 4.69
0 46.0 -9.07 4.65
0 46.2 -9.19 4.61
0 46.4 -9.31 4.57
0 46.6 -9.43 4.53
0 46.8 -9.54 4.49
0 47.0 -9.66 4.45
0 47.2 -9.76 4.40
0 47.4 -9.87 4.36
0 47.6 -9.97 4.32
0 47.8 -10.07 4.28
0 48.0 -10.17 4.23
0 48.2 -10.26 4.19
0 48.4 -10.36 4.14
0 48.6 -10.44 4.10
0 48.8 -10.53 4.05
0 49.0 -10.61 4.01
0 49.2 -10.69 3.96
0 49.4 -10.76 3.91
0 49.6 -10.83 3.87
0 49.8 -10.90 3.82
0 50.0 -10.97 3.77
0 50.2 -11.03 3.73
0 50.4 -11.09 3.68
0 50.6 -11.14 3.63
0 50.8 -11.19 3.58
0 51.0 -11.24 3.53
0 51.2 -11.29 3.48
0 51.4 -11.33 3.44
0 51.6 -11.37 3.39
0 51.8 -11.40 3.34
0 52.0 -11.43 3.29
0 52.2 -11.46 3.24
0 52.4 -11.49 3.19
0 52.6 -11.51 3.14
0 52.8 -11.52 3.09
0 53.0 -11.54 3.04
0 53.2 -11.55 2.99
0 53.4 -11.56 2.94
0 53.6 -11.56 2.89
0 53.8 -11.56 2.84
0 54.0 -11.56 2.79
0 54.2 -11.55 2.74
0 54.4 -11.54 2.69
0 54.6 -11.52 2.64
0 54.8 -11.51 2.59
0 55.0 -11.49 2.54
0 55.2 -11.46 2.49
0 55.4 -11.43 2.44
0 55.6 -11.40 2.39
0 55.8 -11.37 2.34
0 56.0 -11.33 2.29
0 56.2 -11.29 2.24
0 56.4 -11.24 2.20
0 56.6 -11.19 2.15
0 56.8 -11.14 2.10
0 57.0 -11.09 2.05
0 57.2 -11.03 2.00
0 57.4 -10.97 1.96
0 57.6 -10.90 1.91
0 57.8 -10.83 1.86
0 58.0 -10.76 1.81
0 58.2 -10.69 1.77
0 58.4 -10.61 1.72
0 58.6 -10.53 1.68
0 58.8 -10.44 1.63
0 59.0 -10.36 1.59
0 59.2 -10.26 1.54
0 59.4 -10.17 1.50
0 59.6 -10.07 1.45
0 59.8 -9.97 1.41
0 60.0 -9.87 1.37
0 60.2 -9.76 1.33
0 60.4 -9.66 1.28
0 60.6 -9.54 1.24
0 60.8 -9.43 1.20
0 61.0 -9.31 1.16
0 61.2 -9.19 1.12
0 61.4 -9.07 1.08
0 61.6 -8.94 1.04
0 61.8 -8.81 1.00
0 62.0 -8.68 0.97
0 62.2 -8.55 0.93
0 62.4 -8.41 0.89
0 62.6 -8.27 0.86
0 62.8 -8.13 0.82
0 63.0 -7.99 0.79
0 63.2 -7.84 0.75
0 63.4 -7.69 0.72
0 63.6 -7.54 0.69
0 63.8 -7.39 0.65
0 64.0 -7.23 0.62
0 64.2 -7.08 0.59
0 64.4 -6.92 0.56
0 64.6 -6.75 0.53
0 64.8 -6.59 0.50
0 65.0 -6.42 0.48
0 65.2 -6.26 0.45
0 65.4 -6.09 0.42
0 65.6 -5.92 0.40
0 65.8 -5.74 0.37
0 66.0 -5.57 0.35
0 66.2 -5.39 0.32
0 66.4 -5.21 0.30
0 66.6 -5.03 0.28
0 66.8 -4.85 0.26
0 67.0 -4.67 0.24
0 67.2 -4.49 0.22
0 67.4 -4.30 0.20
0 67.6 -4.11 0.18
0 67.8 -3.93 0.16
0 68.0 -3.74 0.15
0 68.2 -3.55 0.13
0 68.4 -3.35 0.12
0 68.6 -3.16 0.10
0 68.8 -2.97 0.09
0 69.0 -2.78 0.08
0 69.2 -2.58 0.07
0 69.4 -2.38 0.06
0 69.6 -2.19 0.05
0 69.8 -1.99 0.04
0 70.0 -1.79 0.03
0 70.2 -1.60 0.02
0 70.4 -1.40 0.02
0 70.6 -1.20 0.01
0 70.8 -1.00 0.01
0 71.0 -0.80 0.01
0 71.2 -0.60 0.00
0 71.4 -0.40 0.00
0 71.6 -0.20 0.00
0 71.8 -0.00 0.00
