1 0.0 60.00 60.00
1 1.0 60.20 60.00
1 1.1 60.40 60.01
1 1.2 60.60 60.02
1 1.3 60.80 60.03
1 1.4 61.00 60.05
1 1.5 61.20 60.07
1 1.6 61.40 60.10
1 1.7 61.59 60.13
1 1.8 61.79 60.16
1 1.9 61.99 60.19
1 2.0 62.18 60.23
1 2.1 62.38 60.27
1 2.2 62.58 60.32
1 2.3 62.77 60.36
1 2.4 62.96 60.42
1 2.5 63.15 60.47
1 2.6 63.35 60.53
1 2.7 63.54 60.59
1 2.8 63.73 60.66
1 2.9 63.91 60.73
1 3.0 64.10 60.80
1 3.1 64.29 60.87
1 3.2 64.47 60.95
1 3.3 64.65 61.03
1 3.4 64.83 61.12
1 3.5 65.01 61.20
1 3.6 65.19 61.29
1 3.7 65.37 61.39
1 3.8 65.54 61.49
1 3.9 65.72 61.59
1 4.0 65.89 61.69
1 4.1 66.06 61.79
1 4.2 66.22 61.90
1 4.3 66.39 62.01
1 4.4 66.55 62.13
1 4.5 66.72 62.25
1 4.6 66.88 62.37
1 4.7 67.03 62.49
1 4.8 67.19 62.62
1 4.9 67.34 62.75
1 5.0 67.49 62.88
1 5.1 67.64 63.01
1 5.2 67.79 63.15
1 5.3 67.93 63.29
1 5.4 68.07 63.43
1 5.5 68.21 63.57
1 5.6 68.35 63.72
1 5.7 68.48 63.87
1 5.8 68.61 64.02
1 5.9 68.74 64.17
1 6.0 68.87 64.33
1 6.1 68.99 64.48
1 6.2 69.11 64.64
1 6.3 69.23 64.80
1 6.4 69.34 64.97
1 6.5 69.46 65.13
1 6.6 69.56 65.30
1 6.7 69.67 65.47
1 6.8 69.77 65.64
1 6.9 69.87 65.82
1 7.0 69.97 65.99
1 7.1 70.06 66.17
1 7.2 70.16 66.35
1 7.3 70.24 66.53
1 7.4 70.33 66.71
1 7.5 70.41 66.89
1 7.6 70.49 67.07
1 7.7 70.56 67.26
1 7.8 70.63 67.45
1 7.9 70.70 67.63
1 8.0 70.77 67.82
1 8.1 70.83 68.01
1 8.2 70.89 68.20
1 8.3 70.94 68.40
1 8.4 70.99 68.59
1 8.5 71.04 68.78
1 8.6 71.09 68.98
1 8.7 71.13 69.17
1 8.8 71.17 69.37
1 8.9 71.20 69.57
1 9.0 71.23 69.77
1 9.1 71.26 69.96
1 9.2 71.29 70.16
1 9.3 71.31 70.36
1 9.4 71.32 70.56
1 9.5 71.34 70.76
1 9.6 71.35 70.96
1 9.7 71.36 71.16
1 9.8 71.36 71.36
1 9.9 71.36 71.56
1 10.0 71.36 71.76
1 10.1 71.35 71.96
1 10.2 71.34 72.16
1 10.3 71.32 72.36
1 10.4 71.31 72.56
1 10.5 71.29 72.76
1 10.6 71.26 72.95
1 10.7 71.23 73.15
1 10.8 71.20 73.35
1 10.9 71.17 73.55
1 11.0 71.13 73.74
1 11.1 71.09 73.94
1 11.2 71.04 74.13
1 11.3 70.99 74.33
1 11.4 70.94 74.52
1 11.5 70.89 74.71
1 11.6 70.83 74.90
1 11.7 70.77 75.09
1 11.8 70.70 75.28
1 11.9 70.63 75.47
1 12.0 70.56 75.66
1 12.1 70.49 75.84
1 12.2 70.41 76.03
1 12.3 70.33 76.21
1 12.4 70.24 76.39
1 12.5 70.16 76.57
1 12.6 70.06 76.75
1 12.7 69.97 76.93
1 12.8 69.87 77.10
1 12.9 69.77 77.27
1 13.0 69.67 77.45
1 13.1 69.56 77.62
1 13.2 69.46 77.78
1 13.3 69.34 77.95
1 13.4 69.23 78.11
1 13.5 69.11 78.28
1 13.6 68.99 78.43
1 13.7 68.87 78.59
1 13.8 68.74 78.75
1 13.9 68.61 78.90
1 14.0 68.48 79.05
1 14.1 68.35 79.20
1 14.2 68.21 79.35
1 14.3 68.07 79.49
1 14.4 67.93 79.63
1 14.5 67.79 79.77
1 14.6 67.64 79.91
1 14.7 67.49 80.04
1 14.8 67.34 80.17
1 14.9 67.19 80.30
1 15.0 67.03 80.43
1 15.1 66.88 80.55
1 15.2 66.72 80.67
1 15.3 66.55 80.79
1 15.4 66.39 80.90
1 15.5 66.22 81.01
1 15.6 66.06 81.12
1 15.7 65.89 81.23
1 15.8 65.72 81.33
1 15.9 65.54 81.43
1 16.0 65.37 81.53
1 16.1 65.19 81.62
1 16.2 65.01 81.71
1 16.3 64.83 81.80
1 16.4 64.65 81.89
1 16.5 64.47 81.97
1 16.6 64.29 82.05
1 16.7 64.10 82.12
1 16.8 63.91 82.19
1 16.9 63.73 82.26
1 17.0 63.54 82.33
1 17.1 63.35 82.39
1 17.2 63.15 82.45
1 17.3 62.96 82.50
1 17.4 62.77 82.55
1 17.5 62.58 82.60
1 17.6 62.38 82.65
1 17.7 62.18 82.69
1 17.8 61.99 82.73
1 17.9 61.79 82.76
1 18.0 61.59 82.79
1 18.1 61.40 82.82
1 18.2 61.20 82.84
1 18.3 61.00 82.87
1 18.4 60.80 82.88
1 18.5 60.60 82.90
1 18.6 60.40 82.91
1 18.7 60.20 82.91
1 18.8 60.00 82.92
1 18.9 59.80 82.92
1 19.0 59.60 82.91
1 19.1 59.40 82.91
1 19.2 59.20 82.90
1 19.3 59.00 82.88
1 19.4 58.80 82.87
1 19.5 58.60 82.84
1 19.6 58.40 82.82
1 19.7 58.21 82.79
1 19.8 58.01 82.76
1 19.9 57.81 82.73
1 20.0 57.62 82.69
1 20.1 57.42 82.65
1 20.2 57.22 82.60
1 20.3 57.03 82.55
1 20.4 56.84 82.50
1 20.5 56.65 82.45
1 20.6 56.45 82.39
1 20.7 56.26 82.33
1 20.8 56.07 82.26
1 20.9 55.89 82.19
1 21.0 55.70 82.12
1 21.1 55.51 82.05
1 21.2 55.33 81.97
1 21.3 55.15 81.89
1 21.4 54.97 81.80
1 21.5 54.79 81.71
1 21.6 54.61 81.62
1 21.7 54.43 81.53
1 21.8 54.26 81.43
1 21.9 54.08 81.33
1 22.0 53.91 81.23
1 22.1 53.74 81.12
1 22.2 53.58 81.01
1 22.3 53.41 80.90
1 22.4 53.25 80.79
1 22.5 53.08 80.67
1 22.6 52.92 80.55
1 22.7 52.77 80.43
1 22.8 52.61 80.30
1 22.9 52.46 80.17
1 23.0 52.31 80.04
1 23.1 52.16 79.91
1 23.2 52.01 79.77
1 23.3 51.87 79.63
1 23.4 51.73 79.49
1 23.5 51.59 79.35
1 23.6 51.45 79.20
1 23.7 51.32 79.05
1 23.8 51.19 78.90
1 23.9 51.06 78.75
1 24.0 50.93 78.59
1 24.1 50.81 78.43
1 24.2 50.69 78.28
1 24.3 50.57 78.11
1 24.4 50.46 77.95
1 24.5 50.34 77.78
1 24.6 50.24 77.62
1 24.7 50.13 77.45
1 24.8 50.03 77.27
1 24.9 49.93 77.10
1 25.0 49.83 76.93
1 25.1 49.74 76.75
1 25.2 49.64 76.57
1 25.3 49.56 76.39
1 25.4 49.47 76.21
1 25.5 49.39 76.03
1 25.6 49.31 75.84
1 25.7 49.24 75.66
1 25.8 49.17 75.47
1 25.9 49.10 75.28
1 26.0 49.03 75.09
1 26.1 48.97 74.90
1 26.2 48.91 74.71
1 26.3 48.86 74.52
1 26.4 48.81 74.33
1 26.5 48.76 74.13
1 26.6 48.71 73.94
1 26.7 48.67 73.74
1 26.8 48.63 73.55
1 26.9 48.60 73.35
1 27.0 48.57 73.15
1 27.1 48.54 72.95
1 27.2 48.51 72.76
1 27.3 48.49 72.56
1 27.4 48.48 72.36
1 27.5 48.46 72.16
1 27.6 48.45 71.96
1 27.7 48.44 71.76
1 27.8 48.44 71.56
1 27.9 48.44 71.36
1 28.0 48.44 71.16
1 28.1 48.45 70.96
1 28.2 48.46 70.76
1 28.3 48.48 70.56
1 28.4 48.49 70.36
1 28.5 48.51 70.16
1 28.6 48.54 69.96
1 28.7 48.57 69.77
1 28.8 48.60 69.57
1 28.9 48.63 69.37
1 29.0 48.67 69.17
1 29.1 48.71 68.98
1 29.2 48.76 68.78
1 29.3 48.81 68.59
1 29.4 48.86 68.40
1 29.5 48.91 68.20
1 29.6 48.97 68.01
1 29.7 49.03 67.82
1 29.8 49.10 67.63
1 29.9 49.17 67.45
1 30.0 49.24 67.26
1 30.1 49.31 67.07
1 30.2 49.39 66.89
1 30.3 49.47 66.71
1 30.4 49.56 66.53
1 30.5 49.64 66.35
1 30.6 49.74 66.17
1 30.7 49.83 65.99
1 30.8 49.93 65.82
1 30.9 50.03 65.64
1 31.0 50.13 65.47
1 31.1 50.24 65.30
1 31.2 50.34 65.13
1 31.3 50.46 64.97
1 31.4 50.57 64.80
1 31.5 50.69 64.64
1 31.6 50.81 64.48
1 31.7 50.93 64.33
1 31.8 51.06 64.17
1 31.9 51.19 64.02
1 32.0 51.32 63.87
1 32.1 51.45 63.72
1 32.2 51.59 63.57
1 32.3 51.73 63.43
1 32.4 51.87 63.29
1 32.5 52.01 63.15
1 32.6 52.16 63.01
1 32.7 52.31 62.88
1 32.8 52.46 62.75
1 32.9 52.61 62.62
1 33.0 52.77 62.49
1 33.1 52.92 62.37
1 33.2 53.08 62.25
1 33.3 53.25 62.13
1 33.4 53.41 62.01
1 33.5 53.58 61.90
1 33.6 53.74 61.79
1 33.7 53.91 61.69
1 33.8 54.08 61.59
1 33.9 54.26 61.49
1 34.0 54.43 61.39
1 34.1 54.61 61.29
1 34.2 54.79 61.20
1 34.3 54.97 61.12
1 34.4 55.15 61.03
1 34.5 55.33 60.95
1 34.6 55.51 60.87
1 34.7 55.70 60.80
1 34.8 55.89 60.73
1 34.9 56.07 60.66
1 35.0 56.26 60.59
1 35.1 56.45 60.53
1 35.2 56.65 60.47
1 35.3 56.84 60.42
1 35.4 57.03 60.36
1 35.5 57.22 60.32
1 35.6 57.42 60.27
1 35.7 57.62 60.23
1 35.8 57.81 60.19
1 35.9 58.01 60.16
1 36.0 58.21 60.13
1 36.1 58.40 60.10
1 36.2 58.60 60.07
1 36.3 58.80 60.05
1 36.4 59.00 60.03
1 36.5 59.20 60.02
1 36.6 59.40 60.01
1 36.7 59.60 60.00
1 36.8 59.80 60.00
1 36.9 60.00 60.00
1 37.0 60.20 60.00
