0 0.0 0.00 0.00
0 0.3 0.10 0.00
0 0.3 0.20 0.01
0 0.5 0.30 0.01
0 0.8 0.40 0.02
0 1.0 0.50 0.03
0 1.3 0.60 0.04
0 1.5 0.70 0.05
0 1.8 0.80 0.06
0 2.0 0.90 0.08
0 2.3 0.99 0.10
0 2.5 1.09 0.11
0 2.8 1.19 0.14
0 3.0 1.29 0.16
0 3.3 1.38 0.18
0 3.5 1.48 0.21
0 3.8 1.58 0.24
0 4.0 1.67 0.26
0 4.3 1.77 0.30
0 4.5 1.86 0.33
0 4.8 1.96 0.36
0 5.0 2.05 0.40
0 5.3 2.14 0.44
0 5.5 2.23 0.47
0 5.8 2.33 0.52
0 6.0 2.42 0.56
0 6.3 2.51 0.60
0 6.5 2.60 0.65
0 6.8 2.68 0.69
0 7.0 2.77 0.74
0 7.3 2.86 0.79
0 7.5 2.94 0.84
0 7.8 3.03 0.90
0 8.0 3.11 0.95
0 8.3 3.20 1.01
0 8.5 3.28 1.06
0 8.8 3.36 1.12
0 9.0 3.44 1.18
0 9.3 3.52 1.25
0 9.5 3.59 1.31
0 9.8 3.67 1.37
0 10.0 3.75 1.44
0 10.3 3.82 1.51
0 10.5 3.89 1.57
0 10.8 3.97 1.64
0 11.0 4.04 1.71
0 11.3 4.11 1.79
0 11.5 4.17 1.86
0 11.8 4.24 1.93
0 12.0 4.31 2.01
0 12.3 4.37 2.08
0 12.5 4.43 2.16
0 12.8 4.50 2.24
0 13.0 4.56 2.32
0 13.3 4.61 2.40
0 13.5 4.67 2.48
0 13.8 4.73 2.57
0 14.0 4.78 2.65
0 14.3 4.84 2.74
0 14.5 4.89 2.82
0 14.8 4.94 2.91
0 15.0 4.99 3.00
0 15.3 5.03 3.08
0 15.5 5.08 3.17
0 15.8 5.12 3.26
0 16.0 5.16 3.35
0 16.3 5.20 3.44
0 16.5 5.24 3.54
0 16.8 5.28 3.63
0 17.0 5.32 3.72
0 17.3 5.35 3.82
0 17.5 5.38 3.91
0 17.8 5.41 4.01
0 18.0 5.44 4.10
0 18.3 5.47 4.20
0 18.5 5.50 4.29
0 18.8 5.52 4.39
0 19.0 5.54 4.49
0 19.3 5.56 4.59
0 19.5 5.58 4.69
0 19.8 5.60 4.78
0 20.0 5.62 4.88
0 20.3 5.63 4.98
0 20.5 5.64 5.08
0 20.8 5.65 5.18
0 21.0 5.66 5.28
0 21.3 5.67 5.38
0 21.5 5.67 5.48
0 21.8 5.68 5.58
0 22.0 5.68 5.68
0 22.3 5.68 5.78
0 22.5 5.68 5.88
0 22.8 5.67 5.98
0 23.0 5.67 6.08
0 23.3 5.66 6.18
0 23.5 5.65 6.28
0 23.8 5.64 6.38
0 24.0 5.63 6.48
0 24.3 5.62 6.58
0 24.5 5.60 6.68
0 24.8 5.58 6.77
0 25.0 5.56 6.87
0 25.3 5.54 6.97
0 25.5 5.52 7.07
0 25.8 5.50 7.16
0 26.0 5.47 7.26
0 26.3 5.44 7.36
0 26.5 5.41 7.45
0 26.8 5.38 7.55
0 27.0 5.35 7.64
0 27.3 5.32 7.74
0 27.5 5.28 7.83
0 27.8 5.24 7.92
0 28.0 5.20 8.01
0 28.3 5.16 8.11
0 28.5 5.12 8.20
0 28.8 5.08 8.29
0 29.0 5.03 8.38
0 29.3 4.99 8.46
0 29.5 4.94 8.55
0 29.8 4.89 8.64
0 30.0 4.84 8.72
0 30.3 4.78 8.81
0 30.5 4.73 8.89
0 30.8 4.67 8.97
0 31.0 4.61 9.06
0 31.3 4.56 9.14
0 31.5 4.50 9.22
0 31.8 4.43 9.30
0 32.0 4.37 9.37
0 32.3 4.31 9.45
0 32.5 4.24 9.53
0 32.8 4.17 9.60
0 33.0 4.11 9.67
0 33.3 4.04 9.75
0 33.5 3.97 9.82
0 33.8 3.89 9.89
0 34.0 3.82 9.95
0 34.3 3.75 10.02
0 34.5 3.67 10.09
0 34.8 3.59 10.15
0 35.0 3.52 10.21
0 35.3 3.44 10.28
0 35.5 3.36 10.34
0 35.8 3.28 10.39
0 36.0 3.20 10.45
0 36.3 3.11 10.51
0 36.5 3.03 10.56
0 36.8 2.94 10.61
0 37.0 2.86 10.67
0 37.3 2.77 10.72
0 37.5 2.68 10.76
0 37.8 2.60 10.81
0 38.0 2.51 10.86
0 38.3 2.42 10.90
0 38.5 2.33 10.94
0 38.8 2.23 10.98
0 39.0 2.14 11.02
0 39.3 2.05 11.06
0 39.5 1.96 11.10
0 39.8 1.86 11.13
0 40.0 1.77 11.16
0 40.3 1.67 11.19
0 40.5 1.58 11.22
0 40.8 1.48 11.25
0 41.0 1.38 11.28
0 41.3 1.29 11.30
0 41.5 1.19 11.32
0 41.8 1.09 11.34
0 42.0 0.99 11.36
0 42.3 0.90 11.38
0 42.5 0.80 11.40
0 42.8 0.70 11.41
0 43.0 0.60 11.42
0 43.3 0.50 11.43
0 43.5 0.40 11.44
0 43.8 0.30 11.45
0 44.0 0.20 11.45
0 44.3 0.10 11.46
0 44.5 -0.00 11.46
0 44.8 -0.10 11.46
0 45.0 -0.20 11.46
0 45.3 -0.30 11.45
0 45.5 -0.40 11.45
0 45.8 -0.50 11.44
0 46.0 -0.60 11.43
0 46.3 -0.70 11.42
0 46.5 -0.80 11.41
0 46.8 -0.90 11.40
0 47.0 -1.00 11.38
0 47.3 -1.09 11.36
0 47.5 -1.19 11.34
0 47.8 -1.29 11.32
0 48.0 -1.39 11.30
0 48.3 -1.48 11.28
0 48.5 -1.58 11.25
0 48.8 -1.68 11.22
0 49.0 -1.77 11.19
0 49.3 -1.87 11.16
0 49.5 -1.96 11.13
0 49.8 -2.06 11.10
0 50.0 -2.15 11.06
0 50.3 -2.24 11.02
0 50.5 -2.33 10.98
0 50.8 -2.43 10.94
0 51.0 -2.52 10.90
0 51.3 -2.61 10.86
0 51.5 -2.70 10.81
0 51.8 -2.78 10.76
0 52.0 -2.87 10.72
0 52.3 -2.96 10.67
0 52.5 -3.04 10.61
0 52.8 -3.13 10.56
0 53.0 -3.21 10.51
0 53.3 -3.30 10.45
0 53.5 -3.38 10.39
0 53.8 -3.46 10.34
0 54.0 -3.54 10.28
0 54.3 -3.62 10.21
0 54.5 -3.69 10.15
0 54.8 -3.77 10.09
0 55.0 -3.85 10.02
0 55.3 -3.92 9.95
0 55.5 -3.99 9.89
0 55.8 -4.07 9.82
0 56.0 -4.14 9.75
0 56.3 -4.21 9.67
0 56.5 -4.27 9.60
0 56.8 -4.34 9.53
0 57.0 -4.41 9.45
0 57.3 -4.47 9.37
0 57.5 -4.53 9.30
0 57.8 -4.60 9.22
0 58.0 -4.66 9.14
0 58.3 -4.71 9.06
0 58.5 -4.77 8.97
0 58.8 -4.83 8.89
0 59.0 -4.88 8.81
0 59.3 -4.94 8.72
0 59.5 -4.99 8.64
0 59.8 -5.04 8.55
0 60.0 -5.09 8.46
0 60.3 -5.13 8.38
0 60.5 -5.18 8.29
0 60.8 -5.22 8.20
0 61.0 -5.26 8.11
0 61.3 -5.30 8.01
0 61.5 -5.34 7.92
0 61.8 -5.38 7.83
0 62.0 -5.42 7.74
0 62.3 -5.45 7.64
0 62.5 -5.48 7.55
0 62.8 -5.51 7.45
0 63.0 -5.54 7.36
0 63.3 -5.57 7.26
0 63.5 -5.60 7.16
0 63.8 -5.62 7.07
0 64.0 -5.64 6.97
0 64.3 -5.66 6.87
0 64.5 -5.68 6.77
0 64.8 -5.70 6.68
0 65.0 -5.72 6.58
0 65.3 -5.73 6.48
0 65.5 -5.74 6.38
0 65.8 -5.75 6.28
0 66.0 -5.76 6.18
0 66.3 -5.77 6.08
0 66.5 -5.77 5.98
0 66.8 -5.78 5.88
0 67.0 -5.78 5.78
0 67.3 -5.78 5.68
0 67.5 -5.78 5.58
0 67.8 -5.77 5.48
0 68.0 -5.77 5.38
0 68.3 -5.76 5.28
0 68.5 -5.75 5.18
0 68.8 -5.74 5.08
0 69.0 -5.73 4.98
0 69.3 -5.72 4.88
0 69.5 -5.70 4.78
0 69.8 -5.68 4.69
0 70.0 -5.66 4.59
0 70.3 -5.64 4.49
0 70.5 -5.62 4.39
0 70.8 -5.60 4.29
0 71.0 -5.57 4.20
0 71.3 -5.54 4.10
0 71.5 -5.51 4.01
0 71.8 -5.48 3.91
0 72.0 -5.45 3.82
0 72.3 -5.42 3.72
0 72.5 -5.38 3.63
0 72.8 -5.34 3.54
0 73.0 -5.30 3.44
0 73.3 -5.26 3.35
0 73.5 -5.22 3.26
0 73.8 -5.18 3.17
0 74.0 -5.13 3.08
0 74.3 -5.09 3.00
0 74.5 -5.04 2.91
0 74.8 -4.99 2.82
0 75.0 -4.94 2.74
0 75.3 -4.88 2.65
0 75.5 -4.83 2.57
0 75.8 -4.77 2.48
0 76.0 -4.71 2.40
0 76.3 -4.66 2.32
0 76.5 -4.60 2.24
0 76.8 -4.53 2.16
0 77.0 -4.47 2.08
0 77.3 -4.41 2.01
0 77.5 -4.34 1.93
0 77.8 -4.27 1.86
0 78.0 -4.21 1.79
0 78.3 -4.14 1.71
0 78.5 -4.07 1.64
0 78.8 -3.99 1.57
0 79.0 -3.92 1.51
0 79.3 -3.85 1.44
0 79.5 -3.77 1.37
0 79.8 -3.69 1.31
0 80.0 -3.62 1.25
0 80.3 -3.54 1.18
0 80.5 -3.46 1.12
0 80.8 -3.38 1.06
0 81.0 -3.30 1.01
0 81.3 -3.21 0.95
0 81.5 -3.13 0.90
0 81.8 -3.04 0.84
0 82.0 -2.96 0.79
0 82.3 -2.87 0.74
0 82.5 -2.78 0.69
0 82.8 -2.70 0.65
0 83.0 -2.61 0.60
0 83.3 -2.52 0.56
0 83.5 -2.43 0.52
0 83.8 -2.33 0.47
0 84.0 -2.24 0.44
0 84.3 -2.15 0.40
0 84.5 -2.06 0.36
0 84.8 -1.96 0.33
0 85.0 -1.87 0.30
0 85.3 -1.77 0.26
0 85.5 -1.68 0.24
0 85.8 -1.58 0.21
0 86.0 -1.48 0.18
0 86.3 -1.39 0.16
0 86.5 -1.29 0.14
0 86.8 -1.19 0.11
0 87.0 -1.09 0.10
0 87.3 -1.00 0.08
0 87.5 -0.90 0.06
0 87.8 -0.80 0.05
0 88.0 -0.70 0.04
0 88.3 -0.60 0.03
0 88.5 -0.50 0.02
0 88.8 -0.40 0.01
0 89.0 -0.30 0.01
0 89.3 -0.20 0.00
0 89.5 -0.10 0.00
0 89.8 -0.00 0.00
