0 0.0 4.153244232445027 4.92581309757259
0 0.2 4.01434774584256 4.717948319388572
0 0.4 3.8314611011836144 4.444250310499008
0 0.6 3.9178782350299977 4.209661139867079
0 0.8 4.004295368876381 3.9750719692351506
0 1.0 4.090712502722765 3.740482798603222
0 1.2 4.25098619075032 3.3054015840915216
0 1.4 4.002842900162145 3.335813873319279
0 1.6 3.7546996095739704 3.3662261625470364
0 1.8 3.506556318985796 3.396638451774794
0 2.0 3.258413028397621 3.4270507410025512
0 2.2 3.0102697378094465 3.4574630302303087
0 2.4 2.762126447221272 3.487875319458066
0 2.6 2.5139831566330972 3.5182876086858235
0 2.8 2.2658398660449226 3.548699897913581
0 3.0 2.017696575456748 3.5791121871413383
0 3.2 1.7695532848685733 3.6095244763690957
0 3.4 1.5214099942803987 3.639936765596853
0 3.6 1.273266703692224 3.6703490548246105
0 3.8 1.0251234131040494 3.700761344052368
0 4.0 0.6748676420223321 3.7436884761484235
0 4.2 0.8762343462325491 3.8918486949506206
0 4.4 1.0776010504427662 4.040008913752818
0 4.6 1.2789677546529832 4.188169132555015
0 4.8 1.4803344588632001 4.336329351357213
0 5.0 1.681701163073417 4.48448957015941
0 5.2 1.883067867283634 4.632649788961608
0 5.4 2.0844345714938513 4.780810007763805
0 5.6 2.285801275704068 4.928970226566003
0 5.8 2.487167979914285 5.0771304453682005
0 6.0 2.688534684124502 5.225290664170398
0 6.2 2.889901388334719 5.3734508829725955
0 6.4 3.091268092544936 5.521611101774793
0 6.6 3.292634796755153 5.669771320576991
0 6.8 3.49400150096537 5.817931539379188
0 7.0 3.695368205175587 5.966091758181386
0 7.2 3.896734909385804 6.114251976983583
0 7.4 4.098101613596021 6.262412195785781
0 7.6 4.299468317806238 6.410572414587978
0 7.8 4.500835022016456 6.558732633390176
0 8.0 4.702201726226673 6.706892852192373
0 8.2 4.9035684304368905 6.855053070994571
0 8.4 5.104935134647108 7.0032132897967685
0 8.6 5.306301838857325 7.151373508598966
0 8.8 5.507668543067543 7.299533727401164
0 9.0 5.70903524727776 7.447693946203361
0 9.2 5.9104019514879775 7.595854165005559
0 9.4 6.111768655698195 7.744014383807756
0 9.6 6.313135359908412 7.892174602609954
0 9.8 6.51450206411863 8.04033482141215
0 10.0 6.715868768328847 8.188495040214347
0 10.2 6.917235472539065 8.336655259016544
0 10.4 7.118602176749282 8.48481547781874
0 10.6 7.319968880959499 8.632975696620937
0 10.8 7.521335585169717 8.781135915423134
0 11.0 7.722702289379934 8.92929613422533
0 11.2 8.110978830873938 9.214979596986169
0 11.4 7.881348474209198 9.116136796044348
0 11.6 7.651718117544458 9.017293995102527
0 11.8 7.422087760879719 8.918451194160706
0 12.0 7.192457404214979 8.819608393218886
0 12.2 6.962827047550239 8.720765592277065
0 12.4 6.733196690885499 8.621922791335244
0 12.6 6.50356633422076 8.523079990393423
0 12.8 6.27393597755602 8.424237189451603
0 13.0 6.04430562089128 8.325394388509782
0 13.2 5.8146752642265405 8.226551587567961
0 13.4 5.585044907561801 8.12770878662614
0 13.6 5.355414550897061 8.02886598568432
0 13.8 5.125784194232321 7.930023184742498
0 14.0 4.895245537046423 7.830789412115079
0 14.2 4.766535680568163 7.616467754680872
0 14.4 4.637825824089902 7.402146097246664
0 14.6 4.509115967611642 7.187824439812457
0 14.8 4.380406111133381 6.973502782378249
0 15.0 4.251696254655121 6.759181124944042
0 15.2 4.12298639817686 6.544859467509834
0 15.4 3.9942765416986004 6.330537810075627
0 15.6 3.8655666852203403 6.116216152641419
0 15.8 3.7368568287420802 5.901894495207212
0 16.0 3.60814697226382 5.687572837773004
0 16.2 3.47943711578556 5.473251180338797
0 16.4 3.3507272593073 5.258929522904589
0 16.6 3.22201740282904 5.044607865470382
0 16.8 3.024849676423309 4.716293351943221
0 17.0 3.164007930755726 4.923982976747047
0 17.2 3.303166185088143 5.131672601550874
0 17.4 3.44232443942056 5.339362226354701
0 17.6 3.581482693752977 5.547051851158527
0 17.8 3.720640948085394 5.754741475962354
0 18.0 3.859799202417811 5.962431100766181
0 18.2 3.998957456750228 6.1701207255700075
0 18.4 4.138115711082645 6.377810350373834
0 18.6 4.277273965415063 6.585499975177661
0 18.8 4.41643221974748 6.7931895999814875
0 19.0 4.555590474079898 7.000879224785314
0 19.2 4.694748728412315 7.208568849589141
0 19.4 4.8339069827447325 7.416258474392968
0 19.6 4.97306523707715 7.623948099196794
0 19.8 5.112223491409567 7.831637724000621
0 20.0 5.251381745741985 8.039327348804449
0 20.2 5.390540000074402 8.247016973608275
0 20.4 5.52969825440682 8.454706598412102
0 20.6 5.668856508739237 8.662396223215929
0 20.8 5.832613720073701 8.906799071930404
0 21.0 5.691453992903996 8.700464558517417
0 21.2 5.55029426573429 8.49413004510443
0 21.4 5.409134538564584 8.287795531691444
0 21.6 5.267974811394878 8.081461018278457
0 21.8 5.126815084225172 7.875126504865469
0 22.0 4.9856553570554665 7.668791991452482
0 22.2 4.844495629885761 7.462457478039494
0 22.4 4.703335902716055 7.256122964626506
0 22.6 4.562176175546349 7.0497884512135185
0 22.8 4.421016448376643 6.843453937800531
0 23.0 4.279856721206937 6.637119424387543
0 23.2 4.138696994037232 6.430784910974555
0 23.4 3.9975372668675258 6.224450397561568
0 23.6 3.85637753969782 6.01811588414858
0 23.8 3.715217812528114 5.811781370735592
0 24.0 3.5740580853584083 5.605446857322605
0 24.2 3.4328983581887025 5.399112343909617
0 24.4 3.2917386310189967 5.192777830496629
0 24.6 3.150578903849291 4.9864433170836415
0 24.8 3.009419176679585 4.780108803670654
0 25.0 2.868259449509879 4.573774290257666
0 25.2 2.7270997223401734 4.367439776844678
0 25.4 2.4989430061701547 4.033940938636738
0 25.6 2.7486494367115077 4.046052856168513
0 25.8 2.9983558672528607 4.058164773700288
0 26.0 3.2480622977942137 4.070276691232063
0 26.2 3.4977687283355667 4.082388608763838
0 26.4 3.7474751588769197 4.094500526295613
0 26.6 3.9971815894182727 4.106612443827388
0 26.8 4.246888019959625 4.118724361359163
0 27.0 4.496594450500978 4.130836278890938
0 27.2 4.74630088104233 4.142948196422713
0 27.4 4.996007311583683 4.155060113954488
0 27.6 5.2457137421250355 4.167172031486263
0 27.8 5.495420172666388 4.179283949018038
0 28.0 5.745126603207741 4.191395866549813
0 28.2 5.994833033749093 4.203507784081588
0 28.4 6.244539464290446 4.215619701613363
0 28.6 6.494245894831798 4.227731619145138
0 28.8 6.743952325373151 4.239843536676913
0 29.0 6.993658755914503 4.251955454208688
0 29.2 7.243365186455856 4.264067371740463
0 29.4 7.4930716169972085 4.276179289272238
0 29.6 7.742778047538561 4.288291206804013
0 29.8 7.992484478079914 4.300403124335788
0 30.0 8.242190908621266 4.312515041867563
0 30.2 8.527503499749326 4.326354022974405
0 30.4 8.281151844259478 4.283799800652627
0 30.6 8.03480018876963 4.241245578330849
0 30.8 7.788448533279782 4.198691356009071
0 31.0 7.542096877789934 4.156137133687293
0 31.2 7.295745222300086 4.113582911365516
0 31.4 7.049393566810238 4.071028689043738
0 31.6 6.80304191132039 4.02847446672196
0 31.8 6.556690255830542 3.985920244400182
0 32.0 6.310338600340694 3.943366022078404
0 32.2 6.063986944850846 3.9008117997566263
0 32.4 5.817635289360998 3.8582575774348484
0 32.6 5.57128363387115 3.8157033551130706
0 32.8 5.3249319783813025 3.7731491327912927
0 33.0 5.078580322891455 3.730594910469515
0 33.2 4.832228667401607 3.688040688147737
0 33.4 4.585877011911759 3.645486465825959
0 33.6 4.339525356421911 3.6029322435041813
0 33.8 4.093173700932063 3.5603780211824034
0 34.0 3.846822045442215 3.5178237988606256
0 34.2 3.600470389952367 3.4752695765388477
0 34.4 3.354118734462519 3.43271535421707
0 34.6 3.107767078972671 3.390161131895292
0 34.8 2.831955573521898 3.342518082375215
0 35.0 2.923074973250775 3.575321121429797
0 35.2 3.0141943729796514 3.808124160484379
0 35.4 3.105313772708528 4.04092719953896
0 35.6 3.1964331724374047 4.273730238593542
0 35.8 3.2875525721662813 4.506533277648123
0 36.0 3.378671971895158 4.739336316702705
0 36.2 3.4697913716240345 4.972139355757286
0 36.4 3.560910771352911 5.204942394811868
0 36.6 3.6520301710817877 5.437745433866449
0 36.8 3.7431495708106644 5.6705484729210305
0 37.0 3.834268970539541 5.903351511975612
0 37.2 3.9253883702684176 6.136154551030193
0 37.4 4.016507769997294 6.368957590084775
0 37.6 4.107627169726171 6.601760629139356
0 37.8 4.198746569455047 6.834563668193938
0 38.0 4.289865969183924 7.067366707248519
0 38.2 4.380985368912801 7.300169746303101
0 38.4 4.472104768641677 7.532972785357682
0 38.6 4.563224168370554 7.765775824412263
0 38.8 4.6543435680994305 7.998578863466845
0 39.0 4.745462967828307 8.231381902521427
0 39.2 4.836582367557184 8.46418494157601
0 39.4 5.015495039292512 8.92129301986989
0 39.6 5.210138476909266 8.764404740534776
0 39.8 5.404781914526019 8.607516461199662
0 40.0 5.599425352142773 8.450628181864548
0 40.2 5.794068789759526 8.293739902529435
0 40.4 5.98871222737628 8.136851623194321
0 40.6 6.183355664993034 7.979963343859207
0 40.8 6.377999102609787 7.823075064524092
0 41.0 6.572642540226541 7.666186785188978
0 41.2 6.7672859778432946 7.509298505853863
0 41.4 6.961929415460048 7.3524102265187485
0 41.6 7.156572853076802 7.195521947183634
0 41.8 7.351216290693555 7.0386336678485195
0 42.0 7.545859728310309 6.881745388513405
0 42.2 7.740503165927063 6.7248571091782905
0 42.4 7.935146603543816 6.567968829843176
0 42.6 8.12979004116057 6.4110805505080615
0 42.8 8.324433478777324 6.254192271172947
0 43.0 8.519076916394079 6.0973039918378324
0 43.2 8.713720354010833 5.940415712502718
0 43.4 9.018367968602778 5.694860862865376
0 43.6 8.769800214147251 5.668138747587268
0 43.8 8.521232459691724 5.641416632309161
0 44.0 8.272664705236197 5.614694517031054
0 44.2 8.02409695078067 5.587972401752946
0 44.4 7.7755291963251425 5.561250286474839
0 44.6 7.526961441869615 5.534528171196731
0 44.8 7.278393687414087 5.507806055918624
0 45.0 7.029825932958559 5.4810839406405165
0 45.2 6.781258178503031 5.454361825362409
0 45.4 6.532690424047503 5.427639710084302
0 45.6 6.284122669591976 5.400917594806194
0 45.8 6.035554915136448 5.374195479528087
0 46.0 5.78698716068092 5.347473364249979
0 46.2 5.538419406225392 5.320751248971872
0 46.4 5.289851651769864 5.294029133693765
0 46.6 5.041283897314337 5.267307018415657
0 46.8 4.792716142858809 5.24058490313755
0 47.0 4.544148388403281 5.213862787859442
0 47.2 4.295580633947753 5.187140672581335
0 47.4 3.9363251883976957 5.1485191488390285
0 47.6 3.839176654618818 5.378871406011851
0 47.8 3.74202812083994 5.6092236631846735
0 48.0 3.6448795870610624 5.839575920357496
0 48.2 3.5477310532821846 6.069928177530318
0 48.4 3.450582519503307 6.300280434703141
0 48.6 3.353433985724429 6.530632691875963
0 48.8 3.2562854519455513 6.760984949048786
0 49.0 3.1591369181666735 6.991337206221608
0 49.2 3.0619883843877957 7.221689463394431
0 49.4 2.964839850608918 7.452041720567253
0 49.6 2.86769131683004 7.682393977740076
0 49.8 2.7496530770427983 7.962278541202325
0 50.0 2.9472785945394793 7.809163699223603
0 50.2 3.1449041120361603 7.6560488572448815
0 50.4 3.3425296295328413 7.50293401526616
0 50.6 3.5401551470295223 7.349819173287438
0 50.8 3.7377806645262033 7.196704331308716
0 51.0 3.9354061820228843 7.043589489329994
0 51.2 4.133031699519566 6.890474647351272
0 51.4 4.330657217016247 6.7373598053725505
0 51.6 4.528282734512929 6.584244963393829
0 51.8 4.72590825200961 6.431130121415107
0 52.0 4.9235337695062915 6.278015279436385
0 52.2 5.121159287002973 6.124900437457663
0 52.4 5.318784804499654 5.971785595478941
0 52.6 5.516410321996336 5.81867075350022
0 52.8 5.714035839493017 5.665555911521498
0 53.0 5.911661356989699 5.512441069542776
0 53.2 6.10928687448638 5.359326227564054
0 53.4 6.306912391983062 5.206211385585332
0 53.6 6.504537909479743 5.05309654360661
0 53.8 6.745662918166856 4.866279486427415
0 54.0 6.884058829856264 4.658081091554502
0 54.2 7.022454741545673 4.4498826966815885
0 54.4 7.160850653235081 4.241684301808675
0 54.6 7.2992465649244895 4.033485906935762
0 54.8 7.437642476613898 3.825287512062849
0 55.0 7.5760383883033064 3.617089117189936
0 55.2 7.714434299992715 3.408890722317023
0 55.4 7.852830211682123 3.20069232744411
0 55.6 7.991226123371532 2.9924939325711972
0 55.8 8.12962203506094 2.7842955376982843
0 56.0 8.26801794675035 2.5760971428253714
0 56.2 8.406413858439759 2.3678987479524585
0 56.4 8.544809770129168 2.1597003530795456
0 56.6 8.683205681818578 1.9515019582066326
0 56.8 8.821601593507987 1.7433035633337197
0 57.0 8.959997505197396 1.5351051684608068
0 57.2 9.098393416886806 1.3269067735878939
0 57.4 9.236789328576215 1.118708378714981
0 57.6 9.375185240265624 0.9105099838420679
0 57.8 9.513581151955034 0.7023115889691549
0 58.0 9.651977063644443 0.4941131940962419
0 58.2 9.928446210628405 0.07820182842581791
0 58.4 9.8947149868769 0.3259157855300271
0 58.6 9.860983763125397 0.5736297426342363
0 58.8 9.827252539373893 0.8213436997384455
0 59.0 9.793521315622389 1.0690576568426546
0 59.2 9.759790091870885 1.3167716139468637
0 59.4 9.726058868119381 1.5644855710510728
0 59.6 9.692327644367877 1.8121995281552818
0 59.8 9.658596420616373 2.059913485259491
0 60.0 9.624865196864869 2.3076274423637004
0 60.2 9.591133973113365 2.5553413994679097
0 60.4 9.557402749361861 2.803055356572119
0 60.6 9.523671525610357 3.0507693136763283
0 60.8 9.489940301858853 3.2984832707805376
0 61.0 9.45620907810735 3.546197227884747
0 61.2 9.422477854355845 3.793911184988956
0 61.4 9.388746630604341 4.0416251420931655
0 61.6 9.355015406852838 4.289339099197375
0 61.8 9.321284183101334 4.537053056301584
0 62.0 9.28755295934983 4.784767013405793
0 62.2 9.253821735598326 5.032480970510003
0 62.4 9.220090511846822 5.280194927614212
0 62.6 9.186359288095318 5.527908884718421
0 62.8 9.152628064343814 5.7756228418226305
0 63.0 9.11889684059231 6.02333679892684
0 63.2 9.085165616840806 6.271050756031049
0 63.4 9.023037379566421 6.727305519170511
0 63.6 8.78212743340916 6.66050433772508
0 63.8 8.541217487251899 6.593703156279649
0 64.0 8.300307541094638 6.526901974834218
0 64.2 8.059397594937376 6.460100793388787
0 64.4 7.818487648780115 6.393299611943356
0 64.6 7.577577702622854 6.326498430497925
0 64.8 7.336667756465593 6.259697249052494
0 65.0 7.095757810308331 6.192896067607063
0 65.2 6.85484786415107 6.126094886161632
0 65.4 6.613937917993809 6.059293704716201
0 65.6 6.373027971836548 5.99249252327077
0 65.8 6.132118025679286 5.925691341825339
0 66.0 5.891208079522025 5.858890160379908
0 66.2 5.650298133364764 5.792088978934477
0 66.4 5.409388187207503 5.725287797489046
0 66.6 5.1684782410502415 5.658486616043615
0 66.8 4.92756829489298 5.591685434598184
0 67.0 4.686658348735719 5.524884253152753
0 67.2 4.445748402578458 5.458083071707322
0 67.4 4.2048384564211965 5.391281890261891
0 67.6 3.9639285102639352 5.32448070881646
0 67.8 3.723018564106674 5.257679527371029
0 68.0 3.4821086179494127 5.190878345925598
0 68.2 3.2411986717921515 5.124077164480167
0 68.4 3.0002887256348902 5.057275983034736
0 68.6 2.759378779477629 4.990474801589305
0 68.8 2.5184688333203678 4.923673620143874
0 69.0 2.2775588871631065 4.856872438698443
0 69.2 1.838755032271887 4.735197861134878
0 69.4 2.0834847290233074 4.786260328054895
0 69.6 2.328214425774728 4.837322794974911
0 69.8 2.5729441225261485 4.8883852618949275
0 70.0 2.817673819277569 4.939447728814944
0 70.2 3.0624035160289895 4.99051019573496
0 70.4 3.30713321278041 5.041572662654977
0 70.6 3.5518629095318306 5.092635129574993
0 70.8 3.796592606283251 5.143697596495009
0 71.0 4.041322303034671 5.194760063415026
0 71.2 4.286051999786092 5.245822530335042
0 71.4 4.530781696537512 5.2968849972550585
0 71.6 4.775511393288933 5.347947464175075
0 71.8 5.020241090040353 5.399009931095091
0 72.0 5.264970786791774 5.450072398015108
0 72.2 5.509700483543194 5.501134864935124
0 72.4 5.754430180294615 5.55219733185514
0 72.6 5.9991598770460355 5.603259798775157
0 72.8 6.243889573797456 5.654322265695173
0 73.0 6.4886192705488765 5.705384732615189
0 73.2 6.733348967300297 5.756447199535206
0 73.4 6.978078664051718 5.807509666455222
0 73.6 7.222808360803138 5.8585721333752385
0 73.8 7.467538057554559 5.909634600295255
0 74.0 7.712267754305979 5.960697067215271
0 74.2 7.9569974510574 6.011759534135288
0 74.4 8.20172714780882 6.062822001055304
0 74.6 8.44645684456024 6.11388446797532
0 74.8 8.69118654131166 6.164946934895337
0 75.0 8.935916238063081 6.216009401815353
0 75.2 9.26521023804668 6.284716077810629
0 75.4 9.039658678454467 6.176889856669757
0 75.6 8.814107118862253 6.069063635528886
0 75.8 8.58855555927004 5.961237414388015
0 76.0 8.363003999677826 5.853411193247144
0 76.2 8.137452440085612 5.745584972106273
0 76.4 7.911900880493398 5.637758750965402
0 76.6 7.686349320901185 5.5299325298245305
0 76.8 7.460797761308971 5.422106308683659
0 77.0 7.235246201716757 5.314280087542788
0 77.2 7.009694642124543 5.206453866401917
0 77.4 6.78414308253233 5.098627645261046
0 77.6 6.558591522940116 4.990801424120175
0 77.8 6.333039963347902 4.882975202979304
0 78.0 6.1074884037556885 4.7751489818384325
0 78.2 5.881936844163475 4.667322760697561
0 78.4 5.656385284571261 4.55949653955669
0 78.6 5.430833724979047 4.451670318415819
0 78.8 5.2052821653868335 4.343844097274948
0 79.0 4.97973060579462 4.236017876134077
0 79.2 4.754179046202406 4.128191654993206
0 79.4 4.528627486610192 4.0203654338523345
0 79.6 4.303075927017979 3.9125392127114638
0 79.8 4.077524367425765 3.804712991570593
