0 0.0 5.658496596969039 8.76880368108049
0 0.2 5.421603481464844 8.848688922688163
0 0.4 5.184710365960649 8.928574164295837
0 0.6 4.947817250456454 9.00845940590351
0 0.8 4.7109241349522595 9.088344647511184
0 1.0 4.474031019448065 9.168229889118857
0 1.2 4.23713790394387 9.24811513072653
0 1.4 4.000244788439675 9.328000372334204
0 1.6 3.76335167293548 9.407885613941877
0 1.8 3.526458557431285 9.48777085554955
0 2.0 3.28956544192709 9.567656097157224
0 2.2 3.052672326422895 9.647541338764897
0 2.4 2.7687740726443986 9.743277681911973
0 2.6 2.788580452812345 9.494063502330146
0 2.8 2.8083868329802915 9.244849322748319
0 3.0 2.828193213148238 8.995635143166492
0 3.2 2.8479995933161844 8.746420963584665
0 3.4 2.867805973484131 8.497206784002838
0 3.6 2.8876123536520772 8.247992604421011
0 3.8 2.9074187338200237 7.998778424839185
0 4.0 2.92722511398797 7.749564245257359
0 4.2 2.9470314941559166 7.500350065675533
0 4.4 2.966837874323863 7.2511358860937065
0 4.6 2.9866442544918095 7.00192170651188
0 4.8 3.006450634659756 6.752707526930054
0 5.0 3.0262570148277024 6.503493347348228
0 5.2 3.046063394995649 6.254279167766402
0 5.4 3.0658697751635953 6.005064988184576
0 5.6 3.0856761553315417 5.75585080860275
0 5.8 3.105482535499488 5.506636629020924
0 6.0 3.1252889156674346 5.2574224494390975
0 6.2 3.145095295835381 5.008208269857271
0 6.4 3.1649016760033275 4.758994090275445
0 6.6 3.184708056171274 4.509779910693619
0 6.8 3.2045144363392204 4.260565731111793
0 7.0 3.224320816507167 4.011351551529967
0 7.2 3.2441271966751133 3.762137371948141
0 7.4 3.2639335768430597 3.5129231923663147
0 7.6 3.283739957011006 3.2637090127844886
0 7.8 3.3035463371789526 3.0144948332026624
0 8.0 3.323352717346899 2.7652806536208363
0 8.2 3.3431590975148455 2.51606647403901
0 8.4 3.362965477682792 2.266852294457184
0 8.6 3.3876641033899455 1.9560813363005514
0 8.8 3.574265076028218 2.1224546424841177
0 9.0 3.7608660486664904 2.288827948667684
0 9.2 3.947467021304763 2.45520125485125
0 9.4 4.134067993943035 2.6215745610348162
0 9.6 4.320668966581308 2.7879478672183824
0 9.8 4.50726993921958 2.9543211734019486
0 10.0 4.693870911857853 3.1206944795855147
0 10.2 4.880471884496125 3.287067785769081
0 10.4 5.067072857134398 3.453441091952647
0 10.6 5.25367382977267 3.619814398136213
0 10.8 5.440274802410943 3.7861877043197794
0 11.0 5.626875775049215 3.9525610105033455
0 11.2 5.813476747687488 4.118934316686912
0 11.4 6.00007772032576 4.285307622870478
0 11.6 6.1866786929640325 4.451680929054045
0 11.8 6.373279665602305 4.6180542352376115
0 12.0 6.559880638240577 4.784427541421178
0 12.2 6.74648161087885 4.950800847604745
0 12.4 6.933082583517122 5.117174153788311
0 12.6 7.119683556155395 5.283547459971878
0 12.8 7.306284528793667 5.4499207661554445
0 13.0 7.49288550143194 5.616294072339011
0 13.2 7.679486474070212 5.782667378522578
0 13.4 7.866087446708485 5.949040684706144
0 13.6 8.052688419346758 6.115413990889711
0 13.8 8.23928939198503 6.2817872970732775
0 14.0 8.425890364623303 6.448160603256844
0 14.2 8.612491337261575 6.614533909440411
0 14.4 8.799092309899848 6.780907215623977
0 14.6 8.98569328253812 6.947280521807544
0 14.8 9.172294255176393 7.113653827991111
0 15.0 9.358895227814665 7.280027134174677
0 15.2 9.545496200452938 7.446400440358244
0 15.4 9.899650031809463 7.762163766708003
0 15.6 9.664095442845145 7.678413927198597
0 15.8 9.428540853880827 7.594664087689191
0 16.0 9.19298626491651 7.510914248179785
0 16.2 8.957431675952192 7.427164408670379
0 16.4 8.721877086987874 7.343414569160973
0 16.6 8.486322498023556 7.259664729651567
0 16.8 8.250767909059238 7.1759148901421606
0 17.0 8.01521332009492 7.0921650506327545
0 17.2 7.779658731130603 7.008415211123348
0 17.4 7.544104142166285 6.924665371613942
0 17.6 7.308549553201967 6.840915532104536
0 17.8 7.072994964237649 6.75716569259513
0 18.0 6.8374403752733315 6.673415853085724
0 18.2 6.601885786309014 6.589666013576318
0 18.4 6.366331197344696 6.505916174066912
0 18.6 6.130776608380378 6.422166334557506
0 18.8 5.89522201941606 6.3384164950481
0 19.0 5.6596674304517425 6.254666655538694
0 19.2 5.424112841487425 6.170916816029288
0 19.4 5.188558252523107 6.087166976519882
0 19.6 4.953003663558789 6.003417137010476
0 19.8 4.717449074594471 5.91966729750107
0 20.0 4.4818944856301535 5.8359174579916635
0 20.2 4.246339896665836 5.752167618482257
0 20.4 4.010785307701518 5.668417778972851
0 20.6 3.7752307187372 5.584667939463445
0 20.8 3.5396761297728823 5.500918099954039
0 21.0 3.3041215408085645 5.417168260444633
0 21.2 3.0685669518442467 5.333418420935227
0 21.4 2.833012362879929 5.249668581425821
0 21.6 2.597457773915611 5.165918741916415
0 21.8 2.3619031849512933 5.082168902407009
0 22.0 2.1263485959869755 4.998419062897603
0 22.2 1.8907940070226577 4.914669223388197
0 22.4 1.6552394180583399 4.830919383878791
0 22.6 1.419684829094022 4.747169544369385
0 22.8 1.1841302401297042 4.663419704859979
0 23.0 0.9485756511653864 4.5796698653505725
0 23.2 0.4895653969547431 4.416471876755512
0 23.4 0.6958841082429382 4.275289054243784
0 23.6 0.9022028195311333 4.134106231732055
0 23.8 1.1085215308193286 3.992923409220326
0 24.0 1.3148402421075236 3.8517405867085968
0 24.2 1.5211589533957186 3.7105577641968677
0 24.4 1.7274776646839136 3.5693749416851386
0 24.6 1.9337963759721086 3.4281921191734095
0 24.8 2.1401150872603036 3.2870092966616804
0 25.0 2.3464337985484987 3.1458264741499513
0 25.2 2.5527525098366937 3.0046436516382222
0 25.4 2.7590712211248887 2.863460829126493
0 25.6 2.9653899324130837 2.722278006614764
0 25.8 3.1717086437012787 2.581095184103035
0 26.0 3.5260230662838357 2.338639665044735
0 26.2 3.7598518271253116 2.4270936677994994
0 26.4 3.9936805879667876 2.515547670554264
0 26.6 4.227509348808264 2.6040016733090283
0 26.8 4.4613381096497395 2.6924556760637928
0 27.0 4.924176151366289 2.867540542740057
0 27.2 4.711534782852966 2.7360732525238936
0 27.4 4.498893414339642 2.6046059623077302
0 27.6 4.286252045826319 2.473138672091567
0 27.8 4.073610677312995 2.3416713818754036
0 28.0 3.8609693087996715 2.2102040916592403
0 28.2 3.6483279402863475 2.078736801443077
0 28.4 3.4356865717730236 1.9472695112269138
0 28.6 3.1932079793729207 1.7973551098047214
0 28.8 3.373019079629929 1.9710443962456647
0 29.0 3.5528301798869375 2.144733682686608
0 29.2 3.732641280143946 2.3184229691275515
0 29.4 3.9124523804009543 2.492112255568495
0 29.6 4.092263480657962 2.6658015420094383
0 29.8 4.27207458091497 2.8394908284503817
0 30.0 4.451885681171978 3.013180114891325
0 30.2 4.631696781428986 3.1868694013322685
0 30.4 4.811507881685994 3.360558687773212
0 30.6 4.991318981943002 3.5342479742141553
0 30.8 5.17113008220001 3.7079372606550987
0 31.0 5.350941182457018 3.881626547096042
0 31.2 5.530752282714026 4.055315833536985
0 31.4 5.710563382971034 4.229005119977929
0 31.6 5.890374483228042 4.402694406418872
0 31.8 6.07018558348505 4.576383692859816
0 32.0 6.249996683742058 4.750072979300759
0 32.2 6.429807783999066 4.923762265741702
0 32.4 6.609618884256074 5.097451552182646
0 32.6 6.789429984513082 5.271140838623589
0 32.8 6.96924108477009 5.444830125064533
0 33.0 7.149052185027098 5.618519411505476
0 33.2 7.328863285284106 5.792208697946419
0 33.4 7.508674385541114 5.965897984387363
0 33.6 7.688485485798122 6.139587270828306
0 33.8 7.86829658605513 6.3132765572692495
0 34.0 8.048107686312138 6.486965843710193
0 34.2 8.227918786569147 6.660655130151136
0 34.4 8.407729886826155 6.83434441659208
0 34.6 8.587540987083164 7.008033703033023
0 34.8 8.767352087340173 7.1817229894739665
0 35.0 8.947163187597182 7.35541227591491
0 35.2 9.12697428785419 7.529101562355853
0 35.4 9.3067853881112 7.702790848796797
0 35.6 9.486596488368209 7.87648013523774
0 35.8 9.666407588625217 8.050169421678683
0 36.0 9.989760064281999 8.36251310171548
0 36.2 9.80019609263607 8.19952383625968
0 36.4 9.61063212099014 8.036534570803878
0 36.6 9.42106814934421 7.873545305348078
0 36.8 9.23150417769828 7.710556039892278
0 37.0 9.04194020605235 7.547566774436478
0 37.2 8.852376234406421 7.384577508980678
0 37.4 8.662812262760491 7.221588243524878
0 37.6 8.473248291114562 7.058598978069078
0 37.8 8.283684319468632 6.895609712613278
0 38.0 8.094120347822702 6.732620447157478
0 38.2 7.904556376176773 6.569631181701678
0 38.4 7.714992404530843 6.406641916245878
0 38.6 7.5254284328849135 6.243652650790078
0 38.8 7.335864461238984 6.080663385334278
0 39.0 7.146300489593054 5.917674119878478
0 39.2 6.9567365179471246 5.754684854422678
0 39.4 6.767172546301195 5.591695588966878
0 39.6 6.577608574655265 5.4287063235110775
0 39.8 6.388044603009336 5.2657170580552775
0 40.0 6.012719843099816 4.9430085476043075
0 40.2 5.804198201135137 5.080916940504646
0 40.4 5.5956765591704585 5.218825333404984
0 40.6 5.3871549172057795 5.356733726305323
0 40.8 5.178633275241101 5.494642119205661
0 41.0 4.970111633276422 5.6325505121059996
0 41.2 4.761589991311743 5.770458905006338
0 41.4 4.553068349347064 5.908367297906676
0 41.6 4.344546707382385 6.046275690807015
0 41.8 4.136025065417706 6.184184083707353
0 42.0 3.9275034234530266 6.322092476607692
0 42.2 3.7189817814883472 6.46000086950803
0 42.4 3.510460139523668 6.597909262408368
0 42.6 3.3019384975589885 6.735817655308707
0 42.8 3.093416855594309 6.873726048209045
0 43.0 2.8848952136296298 7.011634441109384
0 43.2 2.6763735716649504 7.149542834009722
0 43.4 2.467851929700271 7.28745122691006
0 43.6 2.2593302877355916 7.425359619810399
0 43.8 2.0508086457709123 7.563268012710737
0 44.0 1.842287003806233 7.701176405611076
0 44.2 1.6337653618415535 7.839084798511414
0 44.4 1.363993497677367 8.017501791040718
0 44.6 1.5579268585410049 7.859736612550235
0 44.8 1.7518602194046426 7.701971434059752
0 45.0 1.9457935802682804 7.544206255569269
0 45.2 2.139726941131918 7.386441077078786
0 45.4 2.3336603019955557 7.228675898588302
0 45.6 2.5275936628591933 7.070910720097819
0 45.8 2.721527023722831 6.913145541607336
0 46.0 2.9154603845864684 6.755380363116853
0 46.2 3.109393745450106 6.5976151846263695
0 46.4 3.3033271063137435 6.439850006135886
0 46.6 3.497260467177381 6.282084827645403
0 46.8 3.6911938280410186 6.12431964915492
0 47.0 3.885127188904656 5.966554470664437
0 47.2 4.079060549768294 5.8087892921739535
0 47.4 4.272993910631932 5.65102411368347
0 47.6 4.46692727149557 5.493258935192987
0 47.8 4.660860632359208 5.335493756702504
0 48.0 4.854793993222846 5.177728578212021
0 48.2 5.048727354086484 5.019963399721537
0 48.4 5.242660714950122 4.862198221231054
0 48.6 5.43659407581376 4.704433042740571
0 48.8 5.630527436677398 4.546667864250088
0 49.0 5.824460797541036 4.3889026857596045
0 49.2 6.018394158404674 4.231137507269121
0 49.4 6.212327519268312 4.073372328778638
0 49.6 6.40626088013195 3.915607150288155
0 49.8 6.600194240995588 3.7578419717976717
0 50.0 6.794127601859226 3.6000767933071884
0 50.2 6.988060962722864 3.4423116148167052
0 50.4 7.181994323586502 3.284546436326222
0 50.6 7.37592768445014 3.126781257835739
0 50.8 7.569861045313778 2.9690160793452556
0 51.0 7.763794406177416 2.8112509008547724
0 51.2 7.957727767041054 2.653485722364289
0 51.4 8.151661127904692 2.495720543873806
0 51.6 8.345594488768329 2.3379553653833227
0 51.8 8.5793485664989 2.147795953759586
0 52.0 8.329349774912878 2.147018647174088
0 52.2 8.079350983326854 2.1462413405885905
0 52.4 7.82935219174083 2.145464034003093
0 52.6 7.579353400154806 2.144686727417595
0 52.8 7.329354608568782 2.1439094208320975
0 53.0 7.079355816982758 2.1431321142465998
0 53.2 6.829357025396734 2.142354807661102
0 53.4 6.57935823381071 2.1415775010756044
0 53.6 6.329359442224686 2.1408001944901067
0 53.8 6.079360650638662 2.140022887904609
0 54.0 5.829361859052638 2.1392455813191114
0 54.2 5.579363067466614 2.1384682747336137
0 54.4 5.32936427588059 2.137690968148116
0 54.6 5.079365484294566 2.1369136615626183
0 54.8 4.829366692708542 2.1361363549771206
0 55.0 4.579367901122518 2.135359048391623
0 55.2 4.329369109536494 2.1345817418061253
0 55.4 4.07937031795047 2.1338044352206276
0 55.6 3.8293715263644468 2.13302712863513
0 55.8 3.579372734778423 2.132249822049632
0 56.0 3.3293739431923997 2.1314725154641345
0 56.2 3.079375151606376 2.130695208878637
0 56.4 2.8137230881572184 2.1298692324926707
0 56.6 3.0599351698787505 2.1732237110888843
0 56.8 3.3061472516002826 2.216578189685098
0 57.0 3.5523593333218146 2.2599326682813117
0 57.2 3.7985714150433467 2.3032871468775253
0 57.4 4.044783496764879 2.346641625473739
0 57.6 4.290995578486411 2.3899961040699527
0 57.8 4.537207660207944 2.4333505826661663
0 58.0 4.783419741929476 2.47670506126238
0 58.2 5.029631823651009 2.5200595398585937
0 58.4 5.275843905372541 2.5634140184548073
0 58.6 5.522055987094074 2.606768497051021
0 58.8 5.7682680688156065 2.6501229756472346
0 59.0 6.014480150537139 2.6934774542434483
0 59.2 6.2606922322586716 2.736831932839662
0 59.4 6.506904313980204 2.7801864114358756
0 59.6 6.753116395701737 2.8235408900320893
0 59.8 6.999328477423269 2.866895368628303
0 60.0 7.245540559144802 2.9102498472245166
0 60.2 7.491752640866334 2.9536043258207303
0 60.4 7.737964722587867 2.996958804416944
0 60.6 7.984176804309399 3.0403132830131576
0 60.8 8.230388886030932 3.0836677616093713
0 61.0 8.476600967752464 3.127022240205585
0 61.2 8.722813049473997 3.1703767188017986
0 61.4 9.017999024769187 3.222354810040687
0 61.6 8.778176085330946 3.292959043052606
0 61.8 8.538353145892705 3.363563276064525
0 62.0 8.298530206454464 3.434167509076444
0 62.2 8.058707267016223 3.504771742088363
0 62.4 7.8188843275779805 3.575375975100282
0 62.6 7.579061388139738 3.645980208112201
0 62.8 7.339238448701496 3.71658444112412
0 63.0 7.099415509263254 3.787188674136039
0 63.2 6.859592569825012 3.857792907147958
0 63.4 6.61976963038677 3.928397140159877
0 63.6 6.379946690948528 3.999001373171796
0 63.8 6.140123751510286 4.069605606183715
0 64.0 5.900300812072044 4.140209839195634
0 64.2 5.660477872633802 4.210814072207554
0 64.4 5.42065493319556 4.281418305219473
0 64.6 5.180831993757318 4.352022538231393
0 64.8 4.941009054319076 4.422626771243312
0 65.0 4.701186114880834 4.4932310042552315
0 65.2 4.4613631754425915 4.563835237267151
0 65.4 4.2215402360043495 4.63443947027907
0 65.6 3.9817172965661074 4.70504370329099
0 65.8 3.7418943571278653 4.775647936302909
0 66.0 3.5020714176896233 4.846252169314829
0 66.2 3.262248478251381 4.916856402326748
0 66.4 3.022425538813139 4.9874606353386675
0 66.6 2.782602599374897 5.058064868350587
0 66.8 2.542779659936655 5.128669101362506
0 67.0 2.302956720498413 5.199273334374426
0 67.2 2.063133781060171 5.269877567386345
0 67.4 1.823310841621929 5.340481800398265
0 67.6 1.5834879021836872 5.411086033410184
0 67.8 1.3436649627454453 5.481690266422103
0 68.0 1.1021465174142242 5.552793658911511
0 68.2 1.3484156172645128 5.509764245030672
0 68.4 1.5946847171148013 5.466734831149832
0 68.6 1.8409538169650899 5.423705417268993
0 68.8 2.1856156009511816 5.3634843235099225
0 69.0 2.1575936556252104 5.611908900756515
0 69.2 2.1295717102992393 5.860333478003108
0 69.4 2.101549764973268 6.108758055249701
0 69.6 2.073527819647297 6.3571826324962935
0 69.8 2.045505874321326 6.605607209742886
0 70.0 2.017483928995355 6.854031786989479
0 70.2 1.9894619836693836 7.102456364236072
0 70.4 1.9614400383434125 7.350880941482664
0 70.6 1.9334180930174414 7.599305518729257
0 70.8 1.9053961476914703 7.84773009597585
0 71.0 1.8773742023654991 8.096154673222442
0 71.2 1.849352257039528 8.344579250469033
0 71.4 1.8187769145952903 8.615640607292093
0 71.6 1.8478921281794303 8.36734178663853
0 71.8 1.8770073417635702 8.119042965984967
0 72.0 1.9061225553477101 7.870744145331405
0 72.2 1.93523776893185 7.622445324677843
0 72.4 1.96435298251599 7.374146504024281
0 72.6 1.99346819610013 7.1258476833707185
0 72.8 2.0225834096842696 6.877548862717156
0 73.0 2.0516986232684093 6.629250042063594
0 73.2 2.080813836852549 6.380951221410032
0 73.4 2.1099290504366888 6.13265240075647
0 73.6 2.1390442640208285 5.884353580102908
0 73.8 2.168159477604968 5.636054759449346
0 74.0 2.197274691189108 5.387755938795784
0 74.2 2.2263899047732476 5.1394571181422215
0 74.4 2.2555051183573873 4.891158297488659
0 74.6 2.284620331941527 4.642859476835097
0 74.8 2.3137355455256667 4.394560656181535
0 75.0 2.3428507591098064 4.146261835527973
0 75.2 2.371965972693946 3.897963014874411
0 75.4 2.401081186278086 3.6496641942208488
0 75.6 2.4301963998622256 3.4013653735672866
0 75.8 2.4593116134463653 3.1530665529137245
0 76.0 2.488426827030505 2.9047677322601624
0 76.2 2.5175420406146447 2.6564689116066003
0 76.4 2.5466572541987844 2.408170090953038
0 76.6 2.575772467782924 2.159871270299476
0 76.8 2.604887681367064 1.9115724496459137
0 77.0 2.6340028949512035 1.6632736289923513
0 77.2 2.6631181085353433 1.414974808338789
0 77.4 2.7027814411203543 1.0767200785362252
0 77.6 2.859953323465547 1.2711345826249607
0 77.8 3.01712520581074 1.465549086713696
0 78.0 3.174297088155933 1.6599635908024313
0 78.2 3.331468970501126 1.8543780948911666
0 78.4 3.4886408528463186 2.048792598979902
0 78.6 3.6458127351915115 2.243207103068637
0 78.8 3.8029846175367044 2.4376216071573724
0 79.0 3.960156499881897 2.6320361112461077
0 79.2 4.11732838222709 2.826450615334843
0 79.4 4.274500264572282 3.0208651194235783
0 79.6 4.4316721469174745 3.2152796235123136
0 79.8 4.588844029262667 3.409694127601049
2 0 0 0
3 0 0 4
4 0 0 8
5 0 0 12
6 0 0 16
7 0 4 0
8 0 4 4
9 0 4 8
10 0 4 12
11 0 4 16
12 0 8 0
13 0 8 4
14 0 8 8
15 0 8 12
16 0 8 16
17 0 12 0
18 0 12 4
19 0 12 8
20 0 12 12
21 0 12 16
22 0 16 0
23 0 16 4
24 0 16 8
25 0 16 12
26 0 16 16
1 0 -3 6
