2 0 18.4788240598 19.3209070542
3 0 16.3503179011 2.55861955373
4 0 4.10218236898 10.1340500531
5 0 2.55461978824 13.9719187827
6 0 16.3543237794 11.8447103059
7 0 5.64906456537 6.9554083654
8 0 7.41357424771 18.3303775559
9 0 4.95210937033 8.07626681111
10 0 18.0524139459 19.0212867941
11 0 18.6260391513 4.24046767422
12 0 2.4977389739 16.3444145249
13 0 19.0898760874 16.7880882568
14 0 0.0157980539725 12.088249257
15 0 5.02486434013 0.788014067579
16 0 18.2076513319 18.5532278084
17 0 11.8092742868 11.4798101161
18 0 1.03616350849 5.18071722357
19 0 11.2746528678 0.57932300822
20 0 18.7777635026 7.95171994008
21 0 12.0723416307 3.5344872552
22 0 5.37837899042 17.7900333316
23 0 18.8866024876 18.6643572733
24 0 11.3289813122 9.28399776861
25 0 19.4520495752 17.4084668656
26 0 1.11254568462 16.6577969627
27 0 19.5656353561 11.2184082828
28 0 13.7921071875 16.962894439
29 0 4.67210030326 5.58714069456
30 0 6.6316571458 8.42319768169
31 0 14.5918992455 19.2780385041
32 0 5.33052170114 2.60048101845
33 0 14.5602426928 3.42399649179
34 0 13.3521591483 17.3668177806
35 0 4.40936102892 11.6215927957
36 0 6.37138341287 7.76878663795
37 0 6.36718714462 19.7575265807
38 0 15.0109318955 16.2503568261
39 0 5.08536070219 11.0592326051
40 0 11.7778548846 10.5201780151
41 0 12.460904009 7.53203868817
42 0 10.3668132255 8.21347240028
43 0 9.89711221 15.9111095769
44 0 2.19257309307 2.3682730915
45 0 1.84497711426 19.0261510237
46 0 15.7259048252 19.5498623147
47 0 14.2637527759 6.31970086973
48 0 13.8469185306 8.03641480631
49 0 7.18904585861 0.577735693712
50 0 1.87102754039 2.90291115386
51 0 13.6505747315 19.7276261873
52 0 3.50772554095 11.1477453973
53 0 3.57364269433 1.22030658861
54 0 1.21539023478 15.7133281762
55 0 16.0533617151 2.38543307245
56 0 16.1603483319 6.09021779514
1 0 10 10
0 0.0 2.341091311754655 1.3208710198478057
0 0.2 2.44076502649229 1.3127994282822857
0 0.4 2.540438741229925 1.3047278367167656
0 0.6 2.64011245596756 1.2966562451512456
0 0.8 2.739786170705195 1.2885846535857255
0 1.0 2.83945988544283 1.2805130620202054
0 1.2 2.939133600180465 1.2724414704546854
0 1.4 3.0388073149181 1.2643698788891653
0 1.6 3.138481029655735 1.2562982873236452
0 1.8 3.23815474439337 1.2482266957581252
0 2.0 3.337828459131005 1.240155104192605
0 2.2 3.4375021738686398 1.232083512627085
0 2.4 3.5371758886062747 1.224011921061565
0 2.6 3.6368496033439097 1.215940329496045
0 2.8 3.7365233180815447 1.2078687379305248
0 3.0 3.8361970328191797 1.1997971463650048
0 3.2 3.9358707475568147 1.1917255547994847
0 3.4 4.03554446229445 1.1836539632339647
0 3.6 4.135218177032084 1.1755823716684446
0 3.8 4.234891891769719 1.1675107801029245
0 4.0 4.334565606507353 1.1594391885374045
0 4.2 4.434239321244988 1.1513675969718844
0 4.4 4.533913035982622 1.1432960054063643
0 4.6 4.633586750720257 1.1352244138408443
0 4.8 4.733260465457891 1.1271528222753242
0 5.0 4.832934180195526 1.1190812307098041
0 5.2 4.93260789493316 1.111009639144284
0 5.4 5.032281609670795 1.102938047578764
0 5.6 5.1319553244084295 1.094866456013244
0 5.8 5.231629039146064 1.0867948644477239
0 6.0 5.331302753883699 1.0787232728822038
0 6.2 5.430976468621333 1.0706516813166838
0 6.4 5.530650183358968 1.0625800897511637
0 6.6 5.630323898096602 1.0545084981856436
0 6.8 5.729997612834237 1.0464369066201236
0 7.0 5.829671327571871 1.0383653150546035
0 7.2 5.929345042309506 1.0302937234890834
0 7.4 6.02901875704714 1.0222221319235634
0 7.6 6.128692471784775 1.0141505403580433
0 7.8 6.228366186522409 1.0060789487925232
0 8.0 6.328039901260044 0.9980073572270032
0 8.2 6.427713615997678 0.9899357656614831
0 8.4 6.527387330735313 0.981864174095963
0 8.6 6.6270610454729475 0.973792582530443
0 8.8 6.726734760210582 0.9657209909649229
0 9.0 6.826408474948217 0.9576493993994029
0 9.2 6.926082189685851 0.9495778078338828
0 9.4 7.025755904423486 0.9415062162683627
0 9.6 7.12542961916112 0.9334346247028427
0 9.8 7.225103333898755 0.9253630331373226
0 10.0 7.324777048636389 0.9172914415718025
0 10.2 7.424450763374024 0.9092198500062825
0 10.4 7.524124478111658 0.9011482584407624
0 10.6 7.623798192849293 0.8930766668752423
0 10.8 7.723471907586927 0.8850050753097223
0 11.0 7.823145622324562 0.8769334837442022
0 11.2 7.922819337062196 0.8688618921786821
0 11.4 8.022493051799831 0.8607903006131621
0 11.6 8.122166766537466 0.852718709047642
0 11.8 8.221840481275102 0.844647117482122
0 12.0 8.321514196012737 0.8365755259166019
0 12.2 8.421187910750373 0.8285039343510818
0 12.4 8.520861625488008 0.8204323427855618
0 12.6 8.620535340225643 0.8123607512200417
0 12.8 8.720209054963279 0.8042891596545216
0 13.0 8.819882769700914 0.7962175680890016
0 13.2 8.91955648443855 0.7881459765234815
0 13.4 9.019230199176185 0.7800743849579614
0 13.6 9.11890391391382 0.7720027933924414
0 13.8 9.218577628651456 0.7639312018269213
0 14.0 9.318251343389091 0.7558596102614012
0 14.2 9.417925058126727 0.7477880186958812
0 14.4 9.517598772864362 0.7397164271303611
0 14.6 9.617272487601998 0.7316448355648411
0 14.8 9.716946202339633 0.723573243999321
0 15.0 9.816619917077269 0.7155016524338009
0 15.2 9.916293631814904 0.7074300608682809
0 15.4 10.01596734655254 0.6993584693027608
0 15.6 10.115641061290175 0.6912868777372407
0 15.8 10.21531477602781 0.6832152861717207
0 16.0 10.314988490765446 0.6751436946062006
0 16.2 10.414662205503081 0.6670721030406805
0 16.4 10.514335920240717 0.6590005114751605
0 16.6 10.614009634978352 0.6509289199096404
0 16.8 10.713683349715987 0.6428573283441203
0 17.0 10.813357064453623 0.6347857367786003
0 17.2 10.913030779191258 0.6267141452130802
0 17.4 11.012704493928894 0.6186425536475602
0 17.6 11.112378208666529 0.6105709620820401
0 17.8 11.212051923404164 0.60249937051652
0 18.0 11.3117256381418 0.594427778951
0 18.2 11.411399352879435 0.5863561873854799
0 18.4 11.51107306761707 0.5782845958199598
0 18.6 11.610746782354706 0.5702130042544398
0 18.8 11.710420497092342 0.5621414126889197
0 19.0 11.810094211829977 0.5540698211233996
0 19.2 11.909767926567612 0.5459982295578796
0 19.4 12.009441641305248 0.5379266379923595
0 19.6 12.109115356042883 0.5298550464268394
0 19.8 12.208789070780519 0.5217834548613194
0 20.0 12.308462785518154 0.5137118632957993
0 20.2 12.40813650025579 0.5056402717302793
0 20.4 12.507810214993425 0.49756868016475914
0 20.6 12.60748392973106 0.489497088599239
0 20.8 12.707157644468696 0.4814254970337189
0 21.0 12.806831359206331 0.4733539054681988
0 21.2 12.906505073943967 0.46528231390267866
0 21.4 13.006178788681602 0.45721072233715854
0 21.6 13.105852503419237 0.4491391307716384
0 21.8 13.205526218156873 0.4410675392061183
0 22.0 13.305199932894508 0.4329959476405982
0 22.2 13.404873647632144 0.42492435607507806
0 22.4 13.50454736236978 0.41685276450955794
0 22.6 13.604221077107415 0.4087811729440378
0 22.8 13.70389479184505 0.4007095813785177
0 23.0 13.803568506582685 0.3926379898129976
0 23.2 13.90324222132032 0.38456639824747746
0 23.4 14.002915936057956 0.37649480668195734
0 23.6 14.102589650795592 0.3684232151164372
0 23.8 14.202263365533227 0.3603516235509171
0 24.0 14.301937080270863 0.352280031985397
0 24.2 14.401610795008498 0.34420844041987686
0 24.4 14.501284509746133 0.33613684885435674
0 24.6 14.600958224483769 0.3280652572888366
0 24.8 14.700631939221404 0.3199936657233165
0 25.0 14.80030565395904 0.3119220741577964
0 25.2 14.899979368696675 0.30385048259227626
0 25.4 14.99965308343431 0.29577889102675614
0 25.6 15.099326798171946 0.287707299461236
0 25.8 15.199000512909581 0.2796357078957159
0 26.0 15.298674227647217 0.2715641163301958
0 26.2 15.398347942384852 0.26349252476467566
0 26.4 15.498021657122488 0.25542093319915554
0 26.6 15.597695371860123 0.24734934163363545
0 26.8 15.697369086597758 0.23927775006811536
0 27.0 15.797042801335394 0.23120615850259527
0 27.2 15.89671651607303 0.22313456693707517
0 27.4 15.996390230810665 0.21506297537155508
0 27.6 16.0960639455483 0.206991383806035
0 27.8 16.195737660285932 0.1989197922405149
0 28.0 16.295411375023566 0.1908482006749948
0 28.2 16.3950850897612 0.1827766091094747
0 28.4 16.494758804498833 0.17470501754395462
0 28.6 16.594432519236467 0.16663342597843453
0 28.8 16.6941062339741 0.15856183441291444
0 29.0 16.793779948711734 0.15049024284739435
0 29.2 16.893453663449367 0.14241865128187425
0 29.4 16.993127378187 0.13434705971635416
0 29.6 17.092801092924635 0.12627546815083407
0 29.8 17.19247480766227 0.11820387658531398
0 30.0 17.292148522399902 0.11013228501979389
0 30.2 17.391822237137536 0.1020606934542738
0 30.4 17.49149595187517 0.0939891018887537
0 30.6 17.591169666612803 0.08591751032323361
0 30.8 17.690843381350437 0.07784591875771352
0 31.0 17.79051709608807 0.06977432719219342
0 31.2 17.890190810825704 0.06170273562667333
0 31.4 17.989864525563338 0.05363114406115324
0 31.6 18.08953824030097 0.04555955249563315
0 31.8 18.25490895387232 0.03216780864059299
0 32.0 18.215456154287782 0.12405620075266766
0 32.2 18.176003354703244 0.21594459286474232
0 32.4 18.136550555118706 0.307832984976817
0 32.6 18.09709775553417 0.39972137708889166
0 32.8 18.05764495594963 0.49160976920096633
0 33.0 18.018192156365092 0.583498161313041
0 33.2 17.978739356780554 0.6753865534251157
0 33.4 17.939286557196017 0.7672749455371903
0 33.6 17.89983375761148 0.859163337649265
0 33.8 17.86038095802694 0.9510517297613397
0 34.0 17.820928158442403 1.0429401218734142
0 34.2 17.781475358857865 1.134828513985489
0 34.4 17.742022559273327 1.2267169060975638
0 34.6 17.70256975968879 1.3186052982096386
0 34.8 17.66311696010425 1.4104936903217133
0 35.0 17.623664160519713 1.5023820824337881
0 35.2 17.584211360935175 1.594270474545863
0 35.4 17.544758561350637 1.6861588666579377
0 35.6 17.5053057617661 1.7780472587700125
0 35.8 17.46585296218156 1.8699356508820872
0 36.0 17.426400162597023 1.961824042994162
0 36.2 17.386947363012485 2.053712435106237
0 36.4 17.347494563427947 2.1456008272183116
0 36.6 17.30804176384341 2.2374892193303864
0 36.8 17.26858896425887 2.329377611442461
0 37.0 17.229136164674333 2.421266003554536
0 37.2 17.189683365089795 2.5131543956666107
0 37.4 17.150230565505257 2.6050427877786855
0 37.6 17.11077776592072 2.6969311798907603
0 37.8 17.07132496633618 2.788819572002835
0 38.0 17.031872166751644 2.88070796411491
0 38.2 16.992419367167106 2.9725963562269846
0 38.4 16.952966567582568 3.0644847483390594
0 38.6 16.91351376799803 3.156373140451134
0 38.8 16.87406096841349 3.248261532563209
0 39.0 16.834608168828954 3.3401499246752837
0 39.2 16.795155369244416 3.4320383167873585
0 39.4 16.755702569659878 3.5239267088994333
0 39.6 16.71624977007534 3.615815101011508
0 39.8 16.676796970490802 3.707703493123583
0 40.0 16.637344170906264 3.7995918852356576
0 40.2 16.597891371321726 3.8914802773477324
0 40.4 16.558438571737188 3.983368669459807
0 40.6 16.51898577215265 4.0752570615718815
0 40.8 16.479532972568112 4.167145453683956
0 41.0 16.440080172983574 4.25903384579603
0 41.2 16.400627373399036 4.3509222379081045
0 41.4 16.3611745738145 4.442810630020179
0 41.6 16.32172177422996 4.534699022132253
0 41.8 16.282268974645422 4.6265874142443275
0 42.0 16.242816175060884 4.718475806356402
0 42.2 16.203363375476346 4.810364198468476
0 42.4 16.16391057589181 4.9022525905805505
0 42.6 16.12445777630727 4.994140982692625
0 42.8 16.085004976722733 5.086029374804699
0 43.0 16.045552177138195 5.1779177669167735
0 43.2 16.006099377553657 5.269806159028848
0 43.4 15.96664657796912 5.361694551140922
0 43.6 15.927193778384584 5.4535829432529965
0 43.8 15.887740978800048 5.545471335365071
0 44.0 15.848288179215512 5.637359727477145
0 44.2 15.808835379630976 5.7292481195892195
0 44.4 15.76938258004644 5.821136511701294
0 44.6 15.729929780461903 5.913024903813368
0 44.8 15.690476980877367 6.0049132959254425
0 45.0 15.651024181292831 6.096801688037517
0 45.2 15.611571381708295 6.188690080149591
0 45.4 15.572118582123759 6.2805784722616655
0 45.6 15.532665782539222 6.37246686437374
0 45.8 15.493212982954686 6.464355256485814
0 46.0 15.45376018337015 6.5562436485978886
0 46.2 15.414307383785614 6.648132040709963
0 46.4 15.374854584201078 6.740020432822037
0 46.6 15.335401784616542 6.831908824934112
0 46.8 15.295948985032005 6.923797217046186
0 47.0 15.25649618544747 7.01568560915826
0 47.2 15.217043385862933 7.107574001270335
0 47.4 15.177590586278397 7.199462393382409
0 47.6 15.13813778669386 7.291350785494483
0 47.8 15.098684987109324 7.383239177606558
0 48.0 15.059232187524788 7.475127569718632
0 48.2 15.019779387940252 7.567015961830706
0 48.4 14.980326588355716 7.658904353942781
0 48.6 14.94087378877118 7.750792746054855
0 48.8 14.901420989186644 7.842681138166929
0 49.0 14.861968189602107 7.934569530279004
0 49.2 14.822515390017571 8.026457922391078
0 49.4 14.783062590433035 8.118346314503153
0 49.6 14.743609790848499 8.210234706615228
0 49.8 14.704156991263963 8.302123098727304
0 50.0 14.664704191679427 8.394011490839379
0 50.2 14.62525139209489 8.485899882951454
0 50.4 14.585798592510354 8.57778827506353
0 50.6 14.546345792925818 8.669676667175604
0 50.8 14.506892993341282 8.76156505928768
0 51.0 14.467440193756746 8.853453451399755
0 51.2 14.42798739417221 8.94534184351183
0 51.4 14.388534594587673 9.037230235623905
0 51.6 14.349081795003137 9.12911862773598
0 51.8 14.309628995418601 9.221007019848056
0 52.0 14.270176195834065 9.312895411960131
0 52.2 14.230723396249529 9.404783804072206
0 52.4 14.191270596664992 9.496672196184281
0 52.6 14.151817797080456 9.588560588296357
0 52.8 14.11236499749592 9.680448980408432
0 53.0 14.072912197911384 9.772337372520507
0 53.2 14.033459398326848 9.864225764632582
0 53.4 13.994006598742311 9.956114156744658
0 53.6 13.954553799157775 10.048002548856733
0 53.8 13.915100999573239 10.139890940968808
0 54.0 13.875648199988703 10.231779333080883
0 54.2 13.836195400404167 10.323667725192958
0 54.4 13.79674260081963 10.415556117305034
0 54.6 13.757289801235094 10.507444509417109
0 54.8 13.717837001650558 10.599332901529184
0 55.0 13.678384202066022 10.69122129364126
0 55.2 13.638931402481486 10.783109685753335
0 55.4 13.59947860289695 10.87499807786541
0 55.6 13.527746522783435 11.04206722312001
0 55.8 13.431612090322862 11.069602126342712
0 56.0 13.335477657862288 11.097137029565413
0 56.2 13.239343225401715 11.124671932788115
0 56.4 13.143208792941142 11.152206836010816
0 56.6 13.047074360480568 11.179741739233517
0 56.8 12.950939928019995 11.207276642456218
0 57.0 12.854805495559422 11.23481154567892
0 57.2 12.758671063098848 11.26234644890162
0 57.4 12.662536630638275 11.289881352124322
0 57.6 12.566402198177702 11.317416255347023
0 57.8 12.470267765717129 11.344951158569724
0 58.0 12.374133333256555 11.372486061792426
0 58.2 12.277998900795982 11.400020965015127
0 58.4 12.181864468335409 11.427555868237828
0 58.6 12.085730035874835 11.45509077146053
0 58.8 11.989595603414262 11.48262567468323
0 59.0 11.893461170953689 11.510160577905932
0 59.2 11.797326738493116 11.537695481128633
0 59.4 11.701192306032542 11.565230384351334
0 59.6 11.605057873571969 11.592765287574036
0 59.8 11.508923441111396 11.620300190796737
0 60.0 11.412789008650822 11.647835094019438
0 60.2 11.316654576190249 11.67536999724214
0 60.4 11.220520143729676 11.70290490046484
0 60.6 11.124385711269102 11.730439803687542
0 60.8 11.02825127880853 11.757974706910243
0 61.0 10.932116846347956 11.785509610132944
0 61.2 10.835982413887383 11.813044513355646
0 61.4 10.73984798142681 11.840579416578347
0 61.6 10.643713548966236 11.868114319801048
0 61.8 10.547579116505663 11.89564922302375
0 62.0 10.45144468404509 11.92318412624645
0 62.2 10.355310251584516 11.950719029469152
0 62.4 10.259175819123943 11.978253932691853
0 62.6 10.16304138666337 12.005788835914554
0 62.8 10.066906954202796 12.033323739137256
0 63.0 9.970772521742223 12.060858642359957
0 63.2 9.87463808928165 12.088393545582658
0 63.4 9.778503656821076 12.11592844880536
0 63.6 9.682369224360503 12.14346335202806
0 63.8 9.58623479189993 12.170998255250762
0 64.0 9.490100359439356 12.198533158473463
0 64.2 9.393965926978783 12.226068061696164
0 64.4 9.259341938527111 12.264627175206241
0 64.6 9.359062028389744 12.257150299001008
0 64.8 9.458782118252376 12.249673422795775
0 65.0 9.558502208115009 12.242196546590542
0 65.2 9.658222297977641 12.234719670385308
0 65.4 9.757942387840274 12.227242794180075
0 65.6 9.857662477702906 12.219765917974842
0 65.8 9.957382567565539 12.212289041769608
0 66.0 10.057102657428171 12.204812165564375
0 66.2 10.156822747290803 12.197335289359142
0 66.4 10.256542837153436 12.189858413153909
0 66.6 10.356262927016068 12.182381536948675
0 66.8 10.455983016878701 12.174904660743442
0 67.0 10.555703106741333 12.167427784538209
0 67.2 10.655423196603966 12.159950908332975
0 67.4 10.755143286466598 12.152474032127742
0 67.6 10.85486337632923 12.144997155922509
0 67.8 10.954583466191863 12.137520279717275
0 68.0 11.054303556054496 12.130043403512042
0 68.2 11.154023645917128 12.122566527306809
0 68.4 11.25374373577976 12.115089651101576
0 68.6 11.353463825642393 12.107612774896342
0 68.8 11.453183915505026 12.100135898691109
0 69.0 11.552904005367658 12.092659022485876
0 69.2 11.65262409523029 12.085182146280642
0 69.4 11.752344185092923 12.077705270075409
0 69.6 11.852064274955556 12.070228393870176
0 69.8 11.951784364818188 12.062751517664942
0 70.0 12.05150445468082 12.05527464145971
0 70.2 12.151224544543453 12.047797765254476
0 70.4 12.250944634406085 12.040320889049243
0 70.6 12.350664724268718 12.03284401284401
0 70.8 12.45038481413135 12.025367136638776
0 71.0 12.550104903993983 12.017890260433543
0 71.2 12.649824993856615 12.01041338422831
0 71.4 12.749545083719248 12.002936508023076
0 71.6 12.84926517358188 11.995459631817843
0 71.8 12.948985263444513 11.98798275561261
0 72.0 13.048705353307145 11.980505879407376
0 72.2 13.148425443169778 11.973029003202143
0 72.4 13.24814553303241 11.96555212699691
0 72.6 13.347865622895043 11.958075250791676
0 72.8 13.447585712757675 11.950598374586443
0 73.0 13.547305802620308 11.94312149838121
0 73.2 13.64702589248294 11.935644622175976
0 73.4 13.746745982345573 11.928167745970743
0 73.6 13.846466072208205 11.92069086976551
0 73.8 13.946186162070838 11.913213993560277
0 74.0 14.04590625193347 11.905737117355043
0 74.2 14.145626341796103 11.89826024114981
0 74.4 14.245346431658735 11.890783364944577
0 74.6 14.345066521521368 11.883306488739343
0 74.8 14.444786611384 11.87582961253411
0 75.0 14.544506701246632 11.868352736328877
0 75.2 14.644226791109265 11.860875860123643
0 75.4 14.743946880971897 11.85339898391841
0 75.6 14.84366697083453 11.845922107713177
0 75.8 14.943387060697162 11.838445231507944
0 76.0 15.043107150559795 11.83096835530271
0 76.2 15.142827240422427 11.823491479097477
0 76.4 15.24254733028506 11.816014602892244
0 76.6 15.342267420147692 11.80853772668701
0 76.8 15.441987510010325 11.801060850481777
0 77.0 15.541707599872957 11.793583974276544
0 77.2 15.64142768973559 11.78610709807131
0 77.4 15.741147779598222 11.778630221866077
0 77.6 15.840867869460855 11.771153345660844
0 77.8 15.940587959323487 11.76367646945561
0 78.0 16.04030804918612 11.756199593250377
0 78.2 16.140028139048752 11.748722717045144
0 78.4 16.239748228911385 11.74124584083991
0 78.6 16.339468318774017 11.733768964634677
0 78.8 16.43918840863665 11.726292088429444
0 79.0 16.538908498499282 11.71881521222421
0 79.2 16.638628588361914 11.711338336018978
0 79.4 16.738348678224547 11.703861459813744
0 79.6 16.83806876808718 11.696384583608511
0 79.8 16.937788857949812 11.688907707403278
0 80.0 17.037508947812444 11.681430831198044
0 80.2 17.137229037675077 11.673953954992811
0 80.4 17.23694912753771 11.666477078787578
0 80.6 17.336669217400342 11.659000202582344
0 80.8 17.436389307262974 11.651523326377111
0 81.0 17.536109397125607 11.644046450171878
0 81.2 17.63582948698824 11.636569573966645
0 81.4 17.73554957685087 11.629092697761411
0 81.6 17.835269666713504 11.621615821556178
0 81.8 17.934989756576137 11.614138945350945
0 82.0 18.03470984643877 11.606662069145711
0 82.2 18.1344299363014 11.599185192940478
0 82.4 18.234150026164034 11.591708316735245
0 82.6 18.333870116026667 11.584231440530012
0 82.8 18.4335902058893 11.576754564324778
0 83.0 18.53331029575193 11.569277688119545
0 83.2 18.633030385614564 11.561800811914312
0 83.4 18.732750475477197 11.554323935709078
0 83.6 18.83247056533983 11.546847059503845
0 83.8 18.93219065520246 11.539370183298612
0 84.0 19.031910745065094 11.531893307093378
0 84.2 19.131630834927726 11.524416430888145
0 84.4 19.23135092479036 11.516939554682912
0 84.6 19.33107101465299 11.509462678477679
0 84.8 19.430791104515624 11.501985802272445
0 85.0 19.530511194378256 11.494508926067212
0 85.2 19.63023128424089 11.487032049861979
0 85.4 19.765456782551748 11.4768930266014
0 85.6 19.669042335896084 11.503430819955065
0 85.8 19.57262788924042 11.52996861330873
0 86.0 19.476213442584754 11.556506406662395
0 86.2 19.37979899592909 11.58304420001606
0 86.4 19.283384549273425 11.609581993369725
0 86.6 19.18697010261776 11.63611978672339
0 86.8 19.090555655962095 11.662657580077054
0 87.0 18.99414120930643 11.689195373430719
0 87.2 18.897726762650766 11.715733166784384
0 87.4 18.8013123159951 11.742270960138049
0 87.6 18.704897869339437 11.768808753491713
0 87.8 18.608483422683772 11.795346546845378
0 88.0 18.512068976028107 11.821884340199043
0 88.2 18.415654529372443 11.848422133552708
0 88.4 18.319240082716778 11.874959926906373
0 88.6 18.222825636061113 11.901497720260037
0 88.8 18.12641118940545 11.928035513613702
0 89.0 18.029996742749784 11.954573306967367
0 89.2 17.93358229609412 11.981111100321032
0 89.4 17.837167849438455 12.007648893674697
0 89.6 17.74075340278279 12.034186687028361
0 89.8 17.644338956127125 12.060724480382026
0 90.0 17.54792450947146 12.087262273735691
0 90.2 17.451510062815796 12.113800067089356
0 90.4 17.35509561616013 12.14033786044302
0 90.6 17.258681169504467 12.166875653796685
0 90.8 17.162266722848802 12.19341344715035
0 91.0 17.065852276193137 12.219951240504015
0 91.2 16.969437829537473 12.24648903385768
0 91.4 16.873023382881808 12.273026827211345
0 91.6 16.776608936226143 12.29956462056501
0 91.8 16.68019448957048 12.326102413918674
0 92.0 16.583780042914814 12.352640207272339
0 92.2 16.48736559625915 12.379178000626004
0 92.4 16.390951149603485 12.405715793979669
0 92.6 16.29453670294782 12.432253587333333
0 92.8 16.198122256292155 12.458791380686998
0 93.0 16.10170780963649 12.485329174040663
0 93.2 16.005293362980826 12.511866967394328
0 93.4 15.908878916325161 12.538404760747992
0 93.6 15.812464469669496 12.564942554101657
0 93.8 15.716050023013832 12.591480347455322
0 94.0 15.619635576358167 12.618018140808987
0 94.2 15.523221129702502 12.644555934162652
0 94.4 15.426806683046838 12.671093727516316
0 94.6 15.330392236391173 12.697631520869981
0 94.8 15.233977789735508 12.724169314223646
0 95.0 15.137563343079844 12.75070710757731
0 95.2 15.041148896424179 12.777244900930976
0 95.4 14.944734449768514 12.80378269428464
0 95.6 14.84832000311285 12.830320487638305
0 95.8 14.751905556457185 12.85685828099197
0 96.0 14.65549110980152 12.883396074345635
0 96.2 14.559076663145856 12.9099338676993
0 96.4 14.462662216490191 12.936471661052964
0 96.6 14.366247769834526 12.96300945440663
0 96.8 14.269833323178862 12.989547247760294
0 97.0 14.173418876523197 13.016085041113959
0 97.2 14.077004429867532 13.042622834467624
0 97.4 13.980589983211868 13.069160627821288
0 97.6 13.884175536556203 13.095698421174953
0 97.8 13.787761089900538 13.122236214528618
0 98.0 13.691346643244874 13.148774007882283
0 98.2 13.594932196589209 13.175311801235948
0 98.4 13.498517749933544 13.201849594589612
0 98.6 13.40210330327788 13.228387387943277
0 98.8 13.305688856622215 13.254925181296942
0 99.0 13.20927440996655 13.281462974650607
0 99.2 13.112859963310886 13.308000768004272
0 99.4 13.01644551665522 13.334538561357936
0 99.6 12.920031069999556 13.361076354711601
0 99.8 12.823616623343892 13.387614148065266
0 100.0 12.727202176688227 13.41415194141893
0 100.2 12.630787730032562 13.440689734772596
0 100.4 12.534373283376897 13.46722752812626
0 100.6 12.437958836721233 13.493765321479925
0 100.8 12.341544390065568 13.52030311483359
0 101.0 12.245129943409903 13.546840908187255
0 101.2 12.148715496754239 13.57337870154092
0 101.4 12.052301050098574 13.599916494894584
0 101.6 11.95588660344291 13.62645428824825
0 101.8 11.859472156787245 13.652992081601914
0 102.0 11.76305771013158 13.679529874955579
0 102.2 11.666643263475915 13.706067668309244
0 102.4 11.57022881682025 13.732605461662908
0 102.6 11.473814370164586 13.759143255016573
0 102.8 11.377399923508921 13.785681048370238
0 103.0 11.280985476853257 13.812218841723903
0 103.2 11.184571030197592 13.838756635077567
0 103.4 11.088156583541927 13.865294428431232
0 103.6 10.991742136886263 13.891832221784897
0 103.8 10.895327690230598 13.918370015138562
0 104.0 10.798913243574933 13.944907808492227
0 104.2 10.702498796919269 13.971445601845891
0 104.4 10.606084350263604 13.997983395199556
0 104.6 10.50966990360794 14.024521188553221
0 104.8 10.413255456952275 14.051058981906886
0 105.0 10.31684101029661 14.07759677526055
0 105.2 10.220426563640945 14.104134568614215
0 105.4 10.12401211698528 14.13067236196788
0 105.6 10.027597670329616 14.157210155321545
0 105.8 9.931183223673951 14.18374794867521
0 106.0 9.834768777018287 14.210285742028875
0 106.2 9.738354330362622 14.23682353538254
0 106.4 9.641939883706957 14.263361328736204
0 106.6 9.545525437051293 14.289899122089869
0 106.8 9.449110990395628 14.316436915443534
0 107.0 9.352696543739963 14.342974708797199
0 107.2 9.256282097084298 14.369512502150863
0 107.4 9.159867650428634 14.396050295504528
0 107.6 9.06345320377297 14.422588088858193
0 107.8 8.967038757117304 14.449125882211858
0 108.0 8.87062431046164 14.475663675565523
0 108.2 8.774209863805975 14.502201468919187
0 108.4 8.67779541715031 14.528739262272852
0 108.6 8.581380970494646 14.555277055626517
0 108.8 8.484966523838981 14.581814848980182
0 109.0 8.388552077183316 14.608352642333847
0 109.2 8.292137630527652 14.634890435687511
0 109.4 8.195723183871987 14.661428229041176
0 109.6 8.099308737216322 14.687966022394841
0 109.8 8.002894290560658 14.714503815748506
0 110.0 7.906479843904992 14.74104160910217
0 110.2 7.810065397249327 14.767579402455835
0 110.4 7.713650950593661 14.7941171958095
0 110.6 7.6172365039379955 14.820654989163165
0 110.8 7.52082205728233 14.84719278251683
0 111.0 7.424407610626664 14.873730575870495
0 111.2 7.327993163970999 14.90026836922416
0 111.4 7.231578717315333 14.926806162577824
0 111.6 7.135164270659668 14.953343955931489
0 111.8 7.038749824004002 14.979881749285154
0 112.0 6.9423353773483365 15.006419542638818
0 112.2 6.845920930692671 15.032957335992483
0 112.4 6.749506484037005 15.059495129346148
0 112.6 6.65309203738134 15.086032922699813
0 112.8 6.556677590725674 15.112570716053478
0 113.0 6.460263144070009 15.139108509407142
0 113.2 6.363848697414343 15.165646302760807
0 113.4 6.2674342507586775 15.192184096114472
0 113.6 6.171019804103012 15.218721889468137
0 113.8 6.074605357447346 15.245259682821802
0 114.0 5.978190910791681 15.271797476175466
0 114.2 5.881776464136015 15.298335269529131
0 114.4 5.78536201748035 15.324873062882796
0 114.6 5.688947570824684 15.35141085623646
0 114.8 5.592533124169019 15.377948649590126
0 115.0 5.496118677513353 15.40448644294379
0 115.2 5.3997042308576875 15.431024236297455
0 115.4 5.303289784202022 15.45756202965112
0 115.6 5.206875337546356 15.484099823004785
0 115.8 5.110460890890691 15.51063761635845
0 116.0 5.014046444235025 15.537175409712114
0 116.2 4.91763199757936 15.56371320306578
0 116.4 4.821217550923694 15.590250996419444
0 116.6 4.7248031042680285 15.616788789773109
0 116.8 4.628388657612363 15.643326583126774
0 117.0 4.531974210956697 15.669864376480438
0 117.2 4.435559764301032 15.696402169834103
0 117.4 4.339145317645366 15.722939963187768
0 117.6 4.242730870989701 15.749477756541433
0 117.8 4.146316424334035 15.776015549895098
0 118.0 4.04990197767837 15.802553343248762
0 118.2 3.953487531022704 15.829091136602427
0 118.4 3.8570730843670384 15.855628929956092
0 118.6 3.760658637711373 15.882166723309757
0 118.8 3.6642441910557073 15.908704516663422
0 119.0 3.5678297444000417 15.935242310017086
0 119.2 3.471415297744376 15.961780103370751
0 119.4 3.3750008510887106 15.988317896724416
0 119.6 3.278586404433045 16.014855690078083
0 119.8 3.1821719577773795 16.041393483431747
0 120.0 3.085757511121714 16.067931276785412
0 120.2 2.9893430644660484 16.094469070139077
0 120.4 2.892928617810383 16.12100686349274
0 120.6 2.7965141711547172 16.147544656846406
0 120.8 2.7000997244990517 16.17408245020007
0 121.0 2.603685277843386 16.200620243553736
0 121.2 2.5072708311877205 16.2271580369074
0 121.4 2.410856384532055 16.253695830261066
0 121.6 2.3144419378763894 16.28023362361473
0 121.8 2.218027491220724 16.306771416968395
0 122.0 2.1216130445650583 16.33330921032206
0 122.2 2.0251985979093927 16.359847003675725
0 122.4 1.9287841512537274 16.38638479702939
0 122.6 1.832369704598062 16.412922590383054
0 122.8 1.7359552579423967 16.43946038373672
0 123.0 1.6395408112867313 16.465998177090384
0 123.2 1.543126364631066 16.49253597044405
0 123.4 1.4467119179754007 16.519073763797714
0 123.6 1.3502974713197353 16.54561155715138
0 123.8 1.25388302466407 16.572149350505043
0 124.0 1.1574685780084046 16.598687143858708
0 124.2 1.0610541313527393 16.625224937212373
0 124.4 0.964639684697074 16.651762730566038
0 124.6 0.8682252380414086 16.678300523919702
0 124.8 0.7718107913857433 16.704838317273367
0 125.0 0.6753963447300779 16.731376110627032
0 125.2 0.5789818980744126 16.757913903980697
0 125.4 0.4825674514187472 16.78445169733436
0 125.6 0.3861530047630818 16.810989490688026
0 125.8 0.2897385581074164 16.83752728404169
0 126.0 0.193324111451751 16.864065077395356
0 126.2 0.03887038828771949 16.906578011195442
0 126.4 0.13860808645329237 16.89933980944134
0 126.6 0.23834578461886524 16.892101607687238
0 126.8 0.3380834827844381 16.884863405933135
0 127.0 0.437821180950011 16.877625204179033
0 127.2 0.5375588791155839 16.87038700242493
0 127.4 0.6372965772811567 16.863148800670828
0 127.6 0.7370342754467296 16.855910598916726
0 127.8 0.8367719736123025 16.848672397162623
0 128.0 0.9365096717778754 16.84143419540852
0 128.2 1.0362473699434482 16.83419599365442
0 128.4 1.1359850681090211 16.826957791900316
0 128.6 1.235722766274594 16.819719590146214
0 128.8 1.3354604644401669 16.81248138839211
0 129.0 1.4351981626057397 16.80524318663801
0 129.2 1.5349358607713126 16.798004984883907
0 129.4 1.6346735589368855 16.790766783129804
0 129.6 1.7344112571024584 16.783528581375702
0 129.8 1.8341489552680312 16.7762903796216
0 130.0 1.933886653433604 16.769052177867497
0 130.2 2.033624351599177 16.761813976113395
0 130.4 2.1333620497647496 16.754575774359292
0 130.6 2.2330997479303223 16.74733757260519
0 130.8 2.332837446095895 16.740099370851087
0 131.0 2.4325751442614676 16.732861169096985
0 131.2 2.5323128424270402 16.725622967342883
0 131.4 2.632050540592613 16.71838476558878
0 131.6 2.7317882387581855 16.711146563834678
0 131.8 2.831525936923758 16.703908362080576
0 132.0 2.931263635089331 16.696670160326473
0 132.2 3.0310013332549035 16.68943195857237
0 132.4 3.130739031420476 16.68219375681827
0 132.6 3.230476729586049 16.674955555064166
0 132.8 3.3302144277516215 16.667717353310064
0 133.0 3.429952125917194 16.66047915155596
0 133.2 3.5296898240827668 16.65324094980186
0 133.4 3.6294275222483394 16.646002748047756
0 133.6 3.729165220413912 16.638764546293654
0 133.8 3.8289029185794847 16.63152634453955
0 134.0 3.9286406167450574 16.62428814278545
0 134.2 4.02837831491063 16.617049941031347
0 134.4 4.128116013076203 16.609811739277244
0 134.6 4.227853711241775 16.602573537523142
0 134.8 4.327591409407348 16.59533533576904
0 135.0 4.427329107572921 16.588097134014937
0 135.2 4.527066805738493 16.580858932260835
0 135.4 4.626804503904066 16.573620730506732
0 135.6 4.726542202069639 16.56638252875263
0 135.8 4.826279900235211 16.559144326998528
0 136.0 4.926017598400784 16.551906125244425
0 136.2 5.0257552965663566 16.544667923490323
0 136.4 5.125492994731929 16.53742972173622
0 136.6 5.225230692897502 16.530191519982118
0 136.8 5.364838342157412 16.520059861137554
0 137.0 5.359118789877109 16.420223561518064
0 137.2 5.353399237596806 16.320387261898574
0 137.4 5.3476796853165025 16.220550962279084
0 137.6 5.341960133036199 16.120714662659594
0 137.8 5.336240580755896 16.020878363040104
0 138.0 5.330521028475593 15.921042063420613
0 138.2 5.324801476195289 15.821205763801121
0 138.4 5.319081923914986 15.72136946418163
0 138.6 5.313362371634683 15.621533164562138
0 138.8 5.307642819354379 15.521696864942646
0 139.0 5.301923267074076 15.421860565323154
0 139.2 5.296203714793773 15.322024265703662
0 139.4 5.2904841625134695 15.22218796608417
0 139.6 5.284764610233166 15.122351666464679
0 139.8 5.279045057952863 15.022515366845187
0 140.0 5.27332550567256 14.922679067225696
0 140.2 5.267605953392256 14.822842767606204
0 140.4 5.261886401111953 14.723006467986712
0 140.6 5.25616684883165 14.62317016836722
0 140.8 5.2504472965513465 14.523333868747729
0 141.0 5.244727744271043 14.423497569128237
0 141.2 5.23900819199074 14.323661269508746
0 141.4 5.233288639710437 14.223824969889254
0 141.6 5.227569087430133 14.123988670269762
0 141.8 5.22184953514983 14.02415237065027
0 142.0 5.216129982869527 13.924316071030779
0 142.2 5.210410430589223 13.824479771411287
0 142.4 5.20469087830892 13.724643471791795
0 142.6 5.198971326028617 13.624807172172304
0 142.8 5.1932517737483135 13.524970872552812
0 143.0 5.18753222146801 13.42513457293332
0 143.2 5.181812669187707 13.325298273313829
0 143.4 5.176093116907404 13.225461973694337
0 143.6 5.1703735646271 13.125625674074845
0 143.8 5.164654012346797 13.025789374455353
0 144.0 5.158934460066494 12.925953074835862
0 144.2 5.15321490778619 12.82611677521637
0 144.4 5.147495355505887 12.726280475596878
0 144.6 5.141775803225584 12.626444175977387
0 144.8 5.1360562509452805 12.526607876357895
0 145.0 5.130336698664977 12.426771576738403
0 145.2 5.124617146384674 12.326935277118912
0 145.4 5.118897594104371 12.22709897749942
0 145.6 5.113178041824067 12.127262677879928
0 145.8 5.107458489543764 12.027426378260436
0 146.0 5.101738937263461 11.927590078640945
0 146.2 5.096019384983157 11.827753779021453
0 146.4 5.090299832702854 11.727917479401961
0 146.6 5.084580280422551 11.62808117978247
0 146.8 5.0788607281422475 11.528244880162978
0 147.0 5.073141175861944 11.428408580543486
0 147.2 5.067421623581641 11.328572280923995
0 147.4 5.061702071301338 11.228735981304503
0 147.6 5.055982519021034 11.128899681685011
0 147.8 5.050262966740731 11.02906338206552
0 148.0 5.044543414460428 10.929227082446028
0 148.2 5.0388238621801245 10.829390782826536
0 148.4 5.033104309899821 10.729554483207044
0 148.6 5.027384757619518 10.629718183587553
0 148.8 5.021665205339215 10.529881883968061
0 149.0 5.015945653058911 10.43004558434857
0 149.2 5.010226100778608 10.330209284729078
0 149.4 5.004506548498305 10.230372985109586
0 149.6 4.998786996218001 10.130536685490094
0 149.8 4.993067443937698 10.030700385870603
0 150.0 4.987347891657395 9.93086408625111
0 150.2 4.9816283393770915 9.83102778663162
0 150.4 4.975908787096788 9.731191487012127
0 150.6 4.970189234816485 9.631355187392636
0 150.8 4.964469682536182 9.531518887773144
0 151.0 4.958750130255878 9.431682588153652
0 151.2 4.953030577975575 9.33184628853416
0 151.4 4.947311025695272 9.232009988914669
0 151.6 4.941591473414968 9.132173689295177
0 151.8 4.935871921134665 9.032337389675686
0 152.0 4.930152368854362 8.932501090056194
0 152.2 4.9244328165740585 8.832664790436702
0 152.4 4.918713264293755 8.73282849081721
0 152.6 4.912993712013452 8.632992191197719
0 152.8 4.907274159733149 8.533155891578227
0 153.0 4.901554607452845 8.433319591958735
0 153.2 4.895835055172542 8.333483292339244
0 153.4 4.890115502892239 8.233646992719752
0 153.6 4.884395950611935 8.13381069310026
0 153.8 4.878676398331632 8.033974393480769
0 154.0 4.872956846051329 7.934138093861277
0 154.2 4.8672372937710255 7.834301794241785
0 154.4 4.861517741490722 7.7344654946222935
0 154.6 4.855798189210419 7.634629195002802
0 154.8 4.850078636930116 7.53479289538331
0 155.0 4.844359084649812 7.434956595763818
0 155.2 4.838639532369509 7.335120296144327
0 155.4 4.832919980089206 7.235283996524835
0 155.6 4.8272004278089025 7.135447696905343
0 155.8 4.821480875528599 7.035611397285852
0 156.0 4.815761323248296 6.93577509766636
0 156.2 4.810041770967993 6.835938798046868
0 156.4 4.804322218687689 6.7361024984273765
0 156.6 4.798602666407386 6.636266198807885
0 156.8 4.792883114127083 6.536429899188393
0 157.0 4.787163561846779 6.436593599568901
0 157.2 4.781444009566476 6.33675729994941
0 157.4 4.775724457286173 6.236921000329918
0 157.6 4.7700049050058695 6.137084700710426
0 157.8 4.764285352725566 6.037248401090935
0 158.0 4.758565800445263 5.937412101471443
0 158.2 4.75284624816496 5.837575801851951
0 158.4 4.747126695884656 5.7377395022324595
0 158.6 4.741407143604353 5.637903202612968
0 158.8 4.73568759132405 5.538066902993476
0 159.0 4.729968039043746 5.4382306033739845
0 159.2 4.724248486763443 5.338394303754493
0 159.4 4.71852893448314 5.238558004135001
0 159.6 4.7128093822028365 5.138721704515509
0 159.8 4.707089829922533 5.038885404896018
