2 0 10.1347533983 2.75920756171
3 0 18.3490887421 8.66929622953
4 0 5.99219052987 3.78968149247
5 0 4.06489220588 16.7097752147
6 0 18.0609811679 10.6827391553
7 0 15.4306586735 4.85535799532
8 0 3.43429619719 1.26293121916
9 0 4.29611219921 5.24564478179
10 0 9.34231423636 19.4037734879
11 0 3.59784066029 18.5648495586
12 0 7.50972444994 9.16400821805
13 0 6.87763289347 8.67499381897
14 0 5.77948565746 17.1643387822
15 0 3.48236077615 2.12793754615
16 0 1.02109907429 9.55215186723
17 0 12.5786553822 3.91036142358
18 0 0.983567843433 13.1930814747
19 0 3.13710690006 18.9203657565
20 0 4.38467440666 3.02787965532
21 0 3.73254771077 2.872410789
22 0 13.6724499263 8.6981264964
23 0 11.0333891345 7.38504449806
24 0 17.554017784 19.5041483683
25 0 7.9719956244 2.20395089132
26 0 11.8204792062 15.3122907489
27 0 3.81703294163 16.5946098494
28 0 14.4123895429 5.82421101278
29 0 3.97674738465 10.9067686457
30 0 7.39970692733 5.81589267023
31 0 14.8808124144 2.16333473527
32 0 11.9375637931 16.8111532352
33 0 3.08628192227 2.64071921492
34 0 15.2240786877 5.41562720314
35 0 19.5140911612 17.4863395394
36 0 2.25630586511 0.536217513437
1 0 10 10
0 0.0 14.238649206464705 5.500552342528431
0 0.2 14.2249037021388 5.599603143185602
0 0.4 14.211158197812894 5.698653943842773
0 0.6 14.197412693486989 5.797704744499944
0 0.8 14.183667189161083 5.896755545157115
0 1.0 14.169921684835177 5.995806345814286
0 1.2 14.156176180509272 6.0948571464714565
0 1.4 14.142430676183366 6.193907947128627
0 1.6 14.12868517185746 6.292958747785798
0 1.8 14.114939667531555 6.392009548442969
0 2.0 14.10119416320565 6.49106034910014
0 2.2 14.087448658879744 6.590111149757311
0 2.4 14.073703154553838 6.689161950414482
0 2.6 14.059957650227933 6.788212751071653
0 2.8 14.046212145902027 6.887263551728823
0 3.0 14.032466641576121 6.986314352385994
0 3.2 14.018721137250216 7.085365153043165
0 3.4 14.00497563292431 7.184415953700336
0 3.6 13.991230128598405 7.283466754357507
0 3.8 13.977484624272499 7.382517555014678
0 4.0 13.963739119946593 7.481568355671849
0 4.2 13.949993615620688 7.5806191563290195
0 4.4 13.936248111294782 7.67966995698619
0 4.6 13.922502606968877 7.778720757643361
0 4.8 13.908757102642971 7.877771558300532
0 5.0 13.895011598317065 7.976822358957703
0 5.2 13.88126609399116 8.075873159614874
0 5.4 13.867520589665254 8.174923960272045
0 5.6 13.853775085339349 8.273974760929216
0 5.8 13.840029581013443 8.373025561586386
0 6.0 13.826284076687537 8.472076362243557
0 6.2 13.812538572361632 8.571127162900728
0 6.4 13.798793068035726 8.670177963557899
0 6.6 13.78504756370982 8.76922876421507
0 6.8 13.771302059383915 8.86827956487224
0 7.0 13.75755655505801 8.967330365529412
0 7.2 13.743811050732104 9.066381166186583
0 7.4 13.730065546406198 9.165431966843753
0 7.6 13.716320042080293 9.264482767500924
0 7.8 13.702574537754387 9.363533568158095
0 8.0 13.688829033428481 9.462584368815266
0 8.2 13.675083529102576 9.561635169472437
0 8.4 13.66133802477667 9.660685970129608
0 8.6 13.647592520450765 9.759736770786779
0 8.8 13.633847016124859 9.85878757144395
0 9.0 13.620101511798953 9.95783837210112
0 9.2 13.606356007473048 10.056889172758291
0 9.4 13.592610503147142 10.155939973415462
0 9.6 13.578864998821237 10.254990774072633
0 9.8 13.565119494495331 10.354041574729804
0 10.0 13.551373990169425 10.453092375386975
0 10.2 13.53762848584352 10.552143176044146
0 10.4 13.523882981517614 10.651193976701316
0 10.6 13.510137477191709 10.750244777358487
0 10.8 13.496391972865803 10.849295578015658
0 11.0 13.482646468539897 10.948346378672829
0 11.2 13.468900964213992 11.04739717933
0 11.4 13.455155459888086 11.14644797998717
0 11.6 13.44140995556218 11.245498780644342
0 11.8 13.427664451236275 11.344549581301512
0 12.0 13.41391894691037 11.443600381958683
0 12.2 13.400173442584464 11.542651182615854
0 12.4 13.386427938258558 11.641701983273025
0 12.6 13.372682433932653 11.740752783930196
0 12.8 13.358936929606747 11.839803584587367
0 13.0 13.345191425280841 11.938854385244538
0 13.2 13.331445920954936 12.037905185901709
0 13.4 13.31770041662903 12.13695598655888
0 13.6 13.303954912303125 12.23600678721605
0 13.8 13.290209407977219 12.335057587873221
0 14.0 13.276463903651313 12.434108388530392
0 14.2 13.262718399325408 12.533159189187563
0 14.4 13.248972894999502 12.632209989844734
0 14.6 13.235227390673597 12.731260790501905
0 14.8 13.221481886347691 12.830311591159075
0 15.0 13.207736382021785 12.929362391816246
0 15.2 13.19399087769588 13.028413192473417
0 15.4 13.180245373369974 13.127463993130588
0 15.6 13.166499869044069 13.226514793787759
0 15.8 13.152754364718163 13.32556559444493
0 16.0 13.139008860392257 13.4246163951021
0 16.2 13.125263356066352 13.523667195759272
0 16.4 13.111517851740446 13.622717996416442
0 16.6 13.09777234741454 13.721768797073613
0 16.8 13.084026843088635 13.820819597730784
0 17.0 13.07028133876273 13.919870398387955
0 17.2 13.056535834436824 14.018921199045126
0 17.4 13.042790330110918 14.117971999702297
0 17.6 13.029044825785013 14.217022800359468
0 17.8 13.015299321459107 14.316073601016639
0 18.0 13.001553817133201 14.41512440167381
0 18.2 12.987808312807296 14.51417520233098
0 18.4 12.97406280848139 14.613226002988151
0 18.6 12.960317304155485 14.712276803645322
0 18.8 12.946571799829579 14.811327604302493
0 19.0 12.932826295503673 14.910378404959664
0 19.2 12.919080791177768 15.009429205616835
0 19.4 12.905335286851862 15.108480006274005
0 19.6 12.891589782525957 15.207530806931176
0 19.8 12.877844278200051 15.306581607588347
0 20.0 12.864098773874145 15.405632408245518
0 20.2 12.85035326954824 15.504683208902689
0 20.4 12.836607765222334 15.60373400955986
0 20.6 12.822862260896429 15.70278481021703
0 20.8 12.809116756570523 15.801835610874202
0 21.0 12.795371252244617 15.900886411531372
0 21.2 12.781625747918712 15.999937212188543
0 21.4 12.767880243592806 16.098988012845712
0 21.6 12.7541347392669 16.198038813502883
0 21.8 12.740389234940995 16.297089614160054
0 22.0 12.72664373061509 16.396140414817225
0 22.2 12.712898226289184 16.495191215474396
0 22.4 12.699152721963278 16.594242016131567
0 22.6 12.685407217637373 16.693292816788738
0 22.8 12.671661713311467 16.79234361744591
0 23.0 12.657916208985561 16.89139441810308
0 23.2 12.644170704659656 16.99044521876025
0 23.4 12.63042520033375 17.08949601941742
0 23.6 12.616679696007845 17.188546820074592
0 23.8 12.602934191681939 17.287597620731763
0 24.0 12.589188687356033 17.386648421388934
0 24.2 12.575443183030128 17.485699222046104
0 24.4 12.561697678704222 17.584750022703275
0 24.6 12.547952174378317 17.683800823360446
0 24.8 12.534206670052411 17.782851624017617
0 25.0 12.520461165726505 17.881902424674788
0 25.2 12.5067156614006 17.98095322533196
0 25.4 12.492970157074694 18.08000402598913
0 25.6 12.479224652748789 18.1790548266463
0 25.8 12.465479148422883 18.27810562730347
0 26.0 12.451733644096977 18.377156427960642
0 26.2 12.437988139771072 18.476207228617813
0 26.4 12.424242635445166 18.575258029274984
0 26.6 12.41049713111926 18.674308829932155
0 26.8 12.396751626793355 18.773359630589326
0 27.0 12.38300612246745 18.872410431246497
0 27.2 12.369260618141544 18.971461231903668
0 27.4 12.355515113815638 19.07051203256084
0 27.6 12.341769609489733 19.16956283321801
0 27.8 12.328024105163827 19.26861363387518
0 28.0 12.314278600837921 19.36766443453235
0 28.2 12.300533096512016 19.466715235189522
0 28.4 12.28326537363904 19.591147321168005
0 28.6 12.214297600614891 19.518735676496107
0 28.8 12.145329827590743 19.446324031824208
0 29.0 12.076362054566594 19.37391238715231
0 29.2 12.007394281542446 19.30150074248041
0 29.4 11.938426508518297 19.22908909780851
0 29.6 11.869458735494149 19.156677453136613
0 29.8 11.80049096247 19.084265808464714
0 30.0 11.731523189445852 19.011854163792815
0 30.2 11.662555416421704 18.939442519120917
0 30.4 11.593587643397555 18.867030874449018
0 30.6 11.524619870373407 18.79461922977712
0 30.8 11.455652097349258 18.72220758510522
0 31.0 11.38668432432511 18.64979594043332
0 31.2 11.317716551300961 18.577384295761423
0 31.4 11.248748778276813 18.504972651089524
0 31.6 11.179781005252664 18.432561006417625
0 31.8 11.110813232228516 18.360149361745727
0 32.0 11.041845459204367 18.287737717073828
0 32.2 10.972877686180219 18.21532607240193
0 32.4 10.90390991315607 18.14291442773003
0 32.6 10.834942140131922 18.07050278305813
0 32.8 10.765974367107773 17.998091138386233
0 33.0 10.697006594083625 17.925679493714334
0 33.2 10.628038821059477 17.853267849042435
0 33.4 10.559071048035328 17.780856204370536
0 33.6 10.49010327501118 17.708444559698638
0 33.8 10.421135501987031 17.63603291502674
0 34.0 10.352167728962883 17.56362127035484
0 34.2 10.283199955938734 17.49120962568294
0 34.4 10.214232182914586 17.418797981011043
0 34.6 10.145264409890437 17.346386336339144
0 34.8 10.076296636866289 17.273974691667245
0 35.0 10.00732886384214 17.201563046995346
0 35.2 9.938361090817992 17.129151402323448
0 35.4 9.869393317793843 17.05673975765155
0 35.6 9.800425544769695 16.98432811297965
0 35.8 9.731457771745546 16.91191646830775
0 36.0 9.662489998721398 16.839504823635853
0 36.2 9.59352222569725 16.767093178963954
0 36.4 9.524554452673101 16.694681534292055
0 36.6 9.455586679648952 16.622269889620156
0 36.8 9.386618906624804 16.549858244948258
0 37.0 9.317651133600656 16.47744660027636
0 37.2 9.248683360576507 16.40503495560446
0 37.4 9.179715587552359 16.33262331093256
0 37.6 9.11074781452821 16.260211666260663
0 37.8 9.041780041504062 16.187800021588764
0 38.0 8.972812268479913 16.115388376916865
0 38.2 8.903844495455765 16.042976732244966
0 38.4 8.834876722431616 15.970565087573066
0 38.6 8.765908949407468 15.898153442901165
0 38.8 8.69694117638332 15.825741798229265
0 39.0 8.62797340335917 15.753330153557364
0 39.2 8.559005630335022 15.680918508885464
0 39.4 8.490037857310874 15.608506864213563
0 39.6 8.421070084286725 15.536095219541663
0 39.8 8.352102311262577 15.463683574869762
0 40.0 8.283134538238428 15.391271930197862
0 40.2 8.21416676521428 15.318860285525961
0 40.4 8.145198992190132 15.24644864085406
0 40.6 8.076231219165983 15.17403699618216
0 40.8 8.007263446141835 15.10162535151026
0 41.0 7.938295673117686 15.029213706838359
0 41.2 7.869327900093538 14.956802062166458
0 41.4 7.800360127069389 14.884390417494558
0 41.6 7.731392354045241 14.811978772822657
0 41.8 7.662424581021092 14.739567128150757
0 42.0 7.593456807996944 14.667155483478856
0 42.2 7.524489034972795 14.594743838806956
0 42.4 7.455521261948647 14.522332194135055
0 42.6 7.386553488924498 14.449920549463155
0 42.8 7.31758571590035 14.377508904791254
0 43.0 7.248617942876201 14.305097260119354
0 43.2 7.179650169852053 14.232685615447453
0 43.4 7.1106823968279045 14.160273970775552
0 43.6 7.041714623803756 14.087862326103652
0 43.8 6.9727468507796075 14.015450681431751
0 44.0 6.903779077755459 13.943039036759851
0 44.2 6.834811304731311 13.87062739208795
0 44.4 6.765843531707162 13.79821574741605
0 44.6 6.696875758683014 13.72580410274415
0 44.8 6.627907985658865 13.653392458072249
0 45.0 6.558940212634717 13.580980813400348
0 45.2 6.489972439610568 13.508569168728448
0 45.4 6.42100466658642 13.436157524056547
0 45.6 6.352036893562271 13.363745879384647
0 45.8 6.283069120538123 13.291334234712746
0 46.0 6.214101347513974 13.218922590040846
0 46.2 6.145133574489826 13.146510945368945
0 46.4 6.076165801465677 13.074099300697045
0 46.6 6.007198028441529 13.001687656025144
0 46.8 5.9382302554173805 12.929276011353243
0 47.0 5.869262482393232 12.856864366681343
0 47.2 5.8002947093690835 12.784452722009442
0 47.4 5.731326936344935 12.712041077337542
0 47.6 5.662359163320787 12.639629432665641
0 47.8 5.593391390296638 12.56721778799374
0 48.0 5.52442361727249 12.49480614332184
0 48.2 5.455455844248341 12.42239449864994
0 48.4 5.386488071224193 12.34998285397804
0 48.6 5.317520298200044 12.277571209306139
0 48.8 5.248552525175896 12.205159564634238
0 49.0 5.179584752151747 12.132747919962338
0 49.2 5.110616979127599 12.060336275290437
0 49.4 5.04164920610345 11.987924630618537
0 49.6 4.972681433079302 11.915512985946636
0 49.8 4.903713660055153 11.843101341274735
0 50.0 4.834745887031005 11.770689696602835
0 50.2 4.7657781140068565 11.698278051930934
0 50.4 4.696810340982708 11.625866407259034
0 50.6 4.6278425679585595 11.553454762587133
0 50.8 4.558874794934411 11.481043117915233
0 51.0 4.489907021910263 11.408631473243332
0 51.2 4.420939248886114 11.336219828571432
0 51.4 4.351971475861966 11.263808183899531
0 51.6 4.283003702837817 11.19139653922763
0 51.8 4.214035929813669 11.11898489455573
0 52.0 4.14506815678952 11.04657324988383
0 52.2 4.076100383765372 10.974161605211929
0 52.4 4.007132610741223 10.901749960540029
0 52.6 3.938164837717075 10.829338315868128
0 52.8 3.8691970646929263 10.756926671196227
0 53.0 3.800229291668778 10.684515026524327
0 53.2 3.7312615186446294 10.612103381852426
0 53.4 3.662293745620481 10.539691737180526
0 53.6 3.5933259725963325 10.467280092508625
0 53.8 3.524358199572184 10.394868447836725
0 54.0 3.4553904265480355 10.322456803164824
0 54.2 3.386422653523887 10.250045158492924
0 54.4 3.3174548804997386 10.177633513821023
0 54.6 3.24848710747559 10.105221869149123
0 54.8 3.1795193344514416 10.032810224477222
0 55.0 3.110551561427293 9.960398579805322
0 55.2 3.0415837884031447 9.887986935133421
0 55.4 2.9726160153789962 9.81557529046152
0 55.6 2.9036482423548478 9.74316364578962
0 55.8 2.8346804693306993 9.67075200111772
0 56.0 2.765712696306551 9.598340356445819
0 56.2 2.6967449232824023 9.525928711773918
0 56.4 2.627777150258254 9.453517067102018
0 56.6 2.5588093772341054 9.381105422430117
0 56.8 2.489841604209957 9.308693777758217
0 57.0 2.4208738311858085 9.236282133086316
0 57.2 2.35190605816166 9.163870488414416
0 57.4 2.2829382851375115 9.091458843742515
0 57.6 2.213970512113363 9.019047199070615
0 57.8 2.1450027390892146 8.946635554398714
0 58.0 2.076034966065066 8.874223909726814
0 58.2 2.0070671930409176 8.801812265054913
0 58.4 1.9380994200167694 8.729400620383013
0 58.6 1.8691316469926211 8.656988975711112
0 58.8 1.8001638739684729 8.584577331039212
0 59.0 1.7311961009443246 8.512165686367311
0 59.2 1.6622283279201764 8.43975404169541
0 59.4 1.5932605548960281 8.36734239702351
0 59.6 1.5242927818718799 8.29493075235161
0 59.8 1.4553250088477316 8.222519107679709
0 60.0 1.3863572358235834 8.150107463007808
0 60.2 1.3173894627994351 8.077695818335908
0 60.4 1.248421689775287 8.005284173664007
0 60.6 1.1794539167511386 7.932872528992107
0 60.8 1.1104861437269904 7.860460884320206
0 61.0 1.0415183707028421 7.788049239648306
0 61.2 0.9725505976786939 7.715637594976405
0 61.4 0.9035828246545456 7.643225950304505
0 61.6 0.8346150516303974 7.570814305632604
0 61.8 0.7656472786062491 7.4984026609607035
0 62.0 0.6966795055821009 7.425991016288803
0 62.2 0.6277117325579527 7.3535793716169024
0 62.4 0.5587439595338044 7.281167726945002
0 62.6 0.47029607458698885 7.188303240592604
0 62.8 0.5577255304654642 7.2368428145997346
0 63.0 0.6451549863439396 7.285382388606865
0 63.2 0.732584442222415 7.333921962613996
0 63.4 0.8200138981008904 7.382461536621126
0 63.6 0.9074433539793658 7.431001110628257
0 63.8 0.9948728098578412 7.479540684635388
0 64.0 1.0823022657363166 7.528080258642518
0 64.2 1.169731721614792 7.576619832649649
0 64.4 1.2571611774932674 7.625159406656779
0 64.6 1.3445906333717428 7.67369898066391
0 64.8 1.4320200892502182 7.722238554671041
0 65.0 1.5194495451286936 7.770778128678171
0 65.2 1.606879001007169 7.819317702685302
0 65.4 1.6943084568856444 7.867857276692432
0 65.6 1.7817379127641197 7.916396850699563
0 65.8 1.8691673686425951 7.964936424706694
0 66.0 1.9565968245210705 8.013475998713824
0 66.2 2.044026280399546 8.062015572720956
0 66.4 2.131455736278021 8.110555146728087
0 66.6 2.2188851921564963 8.159094720735219
0 66.8 2.3063146480349714 8.20763429474235
0 67.0 2.3937441039134466 8.256173868749482
0 67.2 2.481173559791922 8.304713442756613
0 67.4 2.568603015670397 8.353253016763745
0 67.6 2.656032471548872 8.401792590770876
0 67.8 2.7434619274273473 8.450332164778008
0 68.0 2.8308913833058225 8.49887173878514
0 68.2 2.9183208391842976 8.54741131279227
0 68.4 3.005750295062773 8.595950886799402
0 68.6 3.093179750941248 8.644490460806534
0 68.8 3.180609206819723 8.693030034813665
0 69.0 3.2680386626981983 8.741569608820797
0 69.2 3.3554681185766735 8.790109182827928
0 69.4 3.4428975744551487 8.83864875683506
0 69.6 3.530327030333624 8.887188330842191
0 69.8 3.617756486212099 8.935727904849323
0 70.0 3.705185942090574 8.984267478856454
0 70.2 3.7926153979690493 9.032807052863586
0 70.4 3.8800448538475245 9.081346626870717
0 70.6 3.9674743097259997 9.129886200877849
0 70.8 4.054903765604475 9.17842577488498
0 71.0 4.142333221482951 9.226965348892112
0 71.2 4.2297626773614265 9.275504922899243
0 71.4 4.317192133239902 9.324044496906374
0 71.6 4.404621589118378 9.372584070913506
0 71.8 4.492051044996853 9.421123644920637
0 72.0 4.579480500875329 9.469663218927769
0 72.2 4.666909956753805 9.5182027929349
0 72.4 4.75433941263228 9.566742366942032
0 72.6 4.841768868510756 9.615281940949163
0 72.8 4.9291983243892314 9.663821514956295
0 73.0 5.016627780267707 9.712361088963426
0 73.2 5.104057236146183 9.760900662970558
0 73.4 5.191486692024658 9.80944023697769
0 73.6 5.278916147903134 9.857979810984821
0 73.8 5.3663456037816095 9.906519384991952
0 74.0 5.453775059660085 9.955058958999084
0 74.2 5.541204515538561 10.003598533006215
0 74.4 5.628633971417036 10.052138107013347
0 74.6 5.716063427295512 10.100677681020478
0 74.8 5.803492883173988 10.14921725502761
0 75.0 5.890922339052463 10.197756829034741
0 75.2 5.978351794930939 10.246296403041873
0 75.4 6.065781250809414 10.294835977049004
0 75.6 6.15321070668789 10.343375551056136
0 75.8 6.240640162566366 10.391915125063267
0 76.0 6.328069618444841 10.440454699070399
0 76.2 6.415499074323317 10.48899427307753
0 76.4 6.5029285302017925 10.537533847084662
0 76.6 6.590357986080268 10.586073421091793
0 76.8 6.677787441958744 10.634612995098925
0 77.0 6.765216897837219 10.683152569106056
0 77.2 6.852646353715695 10.731692143113188
0 77.4 6.940075809594171 10.78023171712032
0 77.6 7.027505265472646 10.82877129112745
0 77.8 7.114934721351122 10.877310865134582
0 78.0 7.202364177229597 10.925850439141714
0 78.2 7.289793633108073 10.974390013148845
0 78.4 7.377223088986549 11.022929587155977
0 78.6 7.464652544865024 11.071469161163108
0 78.8 7.5520820007435 11.12000873517024
0 79.0 7.6395114566219755 11.168548309177371
0 79.2 7.726940912500451 11.217087883184503
0 79.4 7.814370368378927 11.265627457191634
0 79.6 7.901799824257402 11.314167031198766
0 79.8 7.989229280135878 11.362706605205897
0 80.0 8.076658736014354 11.411246179213029
0 80.2 8.164088191892828 11.45978575322016
0 80.4 8.251517647771303 11.508325327227292
0 80.6 8.338947103649778 11.556864901234423
0 80.8 8.426376559528252 11.605404475241555
0 81.0 8.513806015406727 11.653944049248686
0 81.2 8.601235471285202 11.702483623255818
0 81.4 8.688664927163677 11.751023197262949
0 81.6 8.776094383042151 11.79956277127008
0 81.8 8.863523838920626 11.848102345277212
0 82.0 8.9509532947991 11.896641919284344
0 82.2 9.038382750677576 11.945181493291475
0 82.4 9.12581220655605 11.993721067298607
0 82.6 9.213241662434525 12.042260641305738
0 82.8 9.300671118313 12.09080021531287
0 83.0 9.388100574191474 12.139339789320001
0 83.2 9.47553003006995 12.187879363327133
0 83.4 9.562959485948424 12.236418937334264
0 83.6 9.650388941826899 12.284958511341395
0 83.8 9.737818397705373 12.333498085348527
0 84.0 9.825247853583848 12.382037659355658
0 84.2 9.912677309462323 12.43057723336279
0 84.4 10.000106765340798 12.479116807369921
0 84.6 10.087536221219272 12.527656381377053
0 84.8 10.174965677097747 12.576195955384184
0 85.0 10.262395132976222 12.624735529391316
0 85.2 10.349824588854696 12.673275103398447
0 85.4 10.437254044733171 12.721814677405579
0 85.6 10.524683500611646 12.77035425141271
0 85.8 10.61211295649012 12.818893825419842
0 86.0 10.699542412368595 12.867433399426973
0 86.2 10.78697186824707 12.915972973434105
0 86.4 10.874401324125545 12.964512547441236
0 86.6 10.96183078000402 13.013052121448368
0 86.8 11.049260235882494 13.0615916954555
0 87.0 11.136689691760969 13.11013126946263
0 87.2 11.224119147639444 13.158670843469762
0 87.4 11.311548603517918 13.207210417476894
0 87.6 11.483279133739902 13.302552733144207
0 87.8 11.391156530757575 13.263649956639687
0 88.0 11.299033927775248 13.224747180135168
0 88.2 11.206911324792921 13.185844403630648
0 88.4 11.114788721810594 13.146941627126129
0 88.6 11.022666118828267 13.10803885062161
0 88.8 10.93054351584594 13.06913607411709
0 89.0 10.838420912863613 13.03023329761257
0 89.2 10.746298309881286 12.99133052110805
0 89.4 10.65417570689896 12.952427744603531
0 89.6 10.562053103916632 12.913524968099011
0 89.8 10.469930500934305 12.874622191594492
0 90.0 10.377807897951978 12.835719415089972
0 90.2 10.285685294969651 12.796816638585453
0 90.4 10.193562691987324 12.757913862080933
0 90.6 10.101440089004997 12.719011085576414
0 90.8 10.00931748602267 12.680108309071894
0 91.0 9.917194883040343 12.641205532567374
0 91.2 9.825072280058016 12.602302756062855
0 91.4 9.73294967707569 12.563399979558335
0 91.6 9.640827074093362 12.524497203053816
0 91.8 9.548704471111035 12.485594426549296
0 92.0 9.456581868128708 12.446691650044777
0 92.2 9.364459265146381 12.407788873540257
0 92.4 9.272336662164054 12.368886097035737
0 92.6 9.180214059181727 12.329983320531218
0 92.8 9.0880914561994 12.291080544026698
0 93.0 8.995968853217073 12.252177767522179
0 93.2 8.903846250234746 12.21327499101766
0 93.4 8.81172364725242 12.17437221451314
0 93.6 8.719601044270092 12.13546943800862
0 93.8 8.627478441287765 12.0965666615041
0 94.0 8.535355838305438 12.057663884999581
0 94.2 8.443233235323111 12.018761108495061
0 94.4 8.351110632340784 11.979858331990542
0 94.6 8.258988029358457 11.940955555486022
0 94.8 8.16686542637613 11.902052778981503
0 95.0 8.074742823393803 11.863150002476983
0 95.2 7.9826202204114765 11.824247225972464
0 95.4 7.8904976174291495 11.785344449467944
0 95.6 7.7983750144468225 11.746441672963424
0 95.8 7.7062524114644955 11.707538896458905
0 96.0 7.6141298084821685 11.668636119954385
0 96.2 7.5220072054998415 11.629733343449866
0 96.4 7.4298846025175145 11.590830566945346
0 96.6 7.3377619995351875 11.551927790440827
0 96.8 7.2456393965528605 11.513025013936307
0 97.0 7.1535167935705335 11.474122237431787
0 97.2 7.0613941905882065 11.435219460927268
0 97.4 6.9692715876058795 11.396316684422748
0 97.6 6.86859205647181 11.353800372774025
0 97.8 6.862741930208873 11.453629106226412
0 98.0 6.856891803945937 11.5534578396788
0 98.2 6.851041677683 11.653286573131187
0 98.4 6.845191551420063 11.753115306583574
0 98.6 6.8393414251571265 11.852944040035961
0 98.8 6.83349129889419 11.952772773488348
0 99.0 6.827641172631253 12.052601506940736
0 99.2 6.8217910463683165 12.152430240393123
0 99.4 6.81594092010538 12.25225897384551
0 99.6 6.810090793842443 12.352087707297898
0 99.8 6.804240667579506 12.451916440750285
0 100.0 6.79839054131657 12.551745174202672
0 100.2 6.792540415053633 12.65157390765506
0 100.4 6.786690288790696 12.751402641107447
0 100.6 6.78084016252776 12.851231374559834
0 100.8 6.774990036264823 12.951060108012221
0 101.0 6.769139910001886 13.050888841464609
0 101.2 6.76328978373895 13.150717574916996
0 101.4 6.757439657476013 13.250546308369383
0 101.6 6.751589531213076 13.35037504182177
0 101.8 6.74573940495014 13.450203775274158
0 102.0 6.739889278687203 13.550032508726545
0 102.2 6.734039152424266 13.649861242178932
0 102.4 6.7281890261613295 13.74968997563132
0 102.6 6.722338899898393 13.849518709083707
0 102.8 6.716488773635456 13.949347442536094
0 103.0 6.7106386473725195 14.049176175988482
0 103.2 6.704788521109583 14.149004909440869
0 103.4 6.698938394846646 14.248833642893256
0 103.6 6.693088268583709 14.348662376345644
0 103.8 6.687238142320773 14.44849110979803
0 104.0 6.681388016057836 14.548319843250418
0 104.2 6.675537889794899 14.648148576702805
0 104.4 6.669687763531963 14.747977310155193
0 104.6 6.663837637269026 14.84780604360758
0 104.8 6.657987511006089 14.947634777059967
0 105.0 6.652137384743153 15.047463510512355
0 105.2 6.646287258480216 15.147292243964742
0 105.4 6.640437132217279 15.24712097741713
0 105.6 6.634587005954343 15.346949710869517
0 105.8 6.628736879691406 15.446778444321904
0 106.0 6.622886753428469 15.546607177774291
0 106.2 6.6170366271655325 15.646435911226678
0 106.4 6.611186500902596 15.746264644679066
0 106.6 6.605336374639659 15.846093378131453
0 106.8 6.5994862483767225 15.94592211158384
0 107.0 6.593636122113786 16.045750845036228
0 107.2 6.587785995850849 16.145579578488615
0 107.4 6.581935869587912 16.245408311941002
0 107.6 6.576085743324976 16.34523704539339
0 107.8 6.570235617062039 16.445065778845777
0 108.0 6.564385490799102 16.544894512298164
0 108.2 6.558535364536166 16.64472324575055
0 108.4 6.552685238273229 16.74455197920294
0 108.6 6.546835112010292 16.844380712655326
0 108.8 6.540984985747356 16.944209446107713
0 109.0 6.535134859484419 17.0440381795601
0 109.2 6.529284733221482 17.143866913012488
0 109.4 6.523434606958546 17.243695646464875
0 109.6 6.517584480695609 17.343524379917262
0 109.8 6.511734354432672 17.44335311336965
0 110.0 6.5058842281697356 17.543181846822037
0 110.2 6.500034101906799 17.643010580274424
0 110.4 6.494183975643862 17.74283931372681
0 110.6 6.4883338493809255 17.8426680471792
0 110.8 6.482483723117989 17.942496780631586
0 111.0 6.476633596855052 18.042325514083974
0 111.2 6.4707834705921154 18.14215424753636
0 111.4 6.464933344329179 18.241982980988748
0 111.6 6.459083218066242 18.341811714441135
0 111.8 6.453233091803305 18.441640447893523
0 112.0 6.447382965540369 18.54146918134591
0 112.2 6.441532839277432 18.641297914798297
0 112.4 6.435682713014495 18.741126648250685
0 112.6 6.429832586751559 18.840955381703072
0 112.8 6.423982460488622 18.94078411515546
0 113.0 6.418132334225685 19.040612848607847
0 113.2 6.412282207962749 19.140441582060234
0 113.4 6.406432081699812 19.24027031551262
0 113.6 6.400581955436875 19.34009904896501
0 113.8 6.394731829173939 19.439927782417396
0 114.0 6.388881702911002 19.539756515869783
0 114.2 6.383031576648065 19.63958524932217
0 114.4 6.372744590461763 19.81512621303192
0 114.6 6.39909628842731 19.718660737268138
0 114.8 6.425447986392856 19.622195261504356
0 115.0 6.451799684358403 19.525729785740573
0 115.2 6.47815138232395 19.42926430997679
0 115.4 6.5045030802894965 19.33279883421301
0 115.6 6.530854778255043 19.236333358449226
0 115.8 6.55720647622059 19.139867882685444
0 116.0 6.583558174186137 19.04340240692166
0 116.2 6.609909872151683 18.94693693115788
0 116.4 6.63626157011723 18.850471455394096
0 116.6 6.662613268082777 18.754005979630314
0 116.8 6.6889649660483235 18.65754050386653
0 117.0 6.71531666401387 18.56107502810275
0 117.2 6.741668361979417 18.464609552338967
0 117.4 6.768020059944964 18.368144076575184
0 117.6 6.79437175791051 18.271678600811402
0 117.8 6.820723455876057 18.17521312504762
0 118.0 6.847075153841604 18.078747649283837
0 118.2 6.87342685180715 17.982282173520055
0 118.4 6.899778549772697 17.885816697756272
0 118.6 6.926130247738244 17.78935122199249
0 118.8 6.9524819457037905 17.692885746228708
0 119.0 6.978833643669337 17.596420270464925
0 119.2 7.005185341634884 17.499954794701143
0 119.4 7.031537039600431 17.40348931893736
0 119.6 7.057888737565977 17.307023843173578
0 119.8 7.084240435531524 17.210558367409796
0 120.0 7.110592133497071 17.114092891646013
0 120.2 7.1369438314626175 17.01762741588223
0 120.4 7.163295529428164 16.92116194011845
0 120.6 7.189647227393711 16.824696464354666
0 120.8 7.215998925359258 16.728230988590884
0 121.0 7.242350623324804 16.6317655128271
0 121.2 7.268702321290351 16.53530003706332
0 121.4 7.295054019255898 16.438834561299537
0 121.6 7.321405717221444 16.342369085535754
0 121.8 7.347757415186991 16.245903609771972
0 122.0 7.374109113152538 16.14943813400819
0 122.2 7.4004608111180845 16.052972658244407
0 122.4 7.426812509083631 15.956507182480626
0 122.6 7.453164207049178 15.860041706716846
0 122.8 7.479515905014725 15.763576230953065
0 123.0 7.505867602980271 15.667110755189285
0 123.2 7.532219300945818 15.570645279425504
0 123.4 7.558570998911365 15.474179803661723
0 123.6 7.5849226968769115 15.377714327897943
0 123.8 7.611274394842458 15.281248852134162
0 124.0 7.637626092808005 15.184783376370381
0 124.2 7.663977790773552 15.0883179006066
0 124.4 7.690329488739098 14.99185242484282
0 124.6 7.716681186704645 14.89538694907904
0 124.8 7.743032884670192 14.798921473315259
0 125.0 7.769384582635738 14.702455997551478
0 125.2 7.795736280601285 14.605990521787698
0 125.4 7.822087978566832 14.509525046023917
0 125.6 7.8484396765323785 14.413059570260137
0 125.8 7.874791374497925 14.316594094496356
0 126.0 7.901143072463472 14.220128618732575
0 126.2 7.927494770429019 14.123663142968795
0 126.4 7.953846468394565 14.027197667205014
0 126.6 7.980198166360112 13.930732191441233
0 126.8 8.006549864325658 13.834266715677453
0 127.0 8.032901562291205 13.737801239913672
0 127.2 8.059253260256751 13.641335764149892
0 127.4 8.085604958222298 13.544870288386111
0 127.6 8.111956656187845 13.44840481262233
0 127.8 8.138308354153391 13.35193933685855
0 128.0 8.164660052118938 13.255473861094769
0 128.2 8.191011750084485 13.159008385330988
0 128.4 8.217363448050031 13.062542909567208
0 128.6 8.243715146015578 12.966077433803427
0 128.8 8.270066843981125 12.869611958039647
0 129.0 8.296418541946672 12.773146482275866
0 129.2 8.322770239912218 12.676681006512085
0 129.4 8.349121937877765 12.580215530748305
0 129.6 8.375473635843312 12.483750054984524
0 129.8 8.401825333808858 12.387284579220744
0 130.0 8.428177031774405 12.290819103456963
0 130.2 8.454528729739952 12.194353627693182
0 130.4 8.480880427705499 12.097888151929402
0 130.6 8.507232125671045 12.001422676165621
0 130.8 8.533583823636592 11.90495720040184
0 131.0 8.559935521602139 11.80849172463806
0 131.2 8.586287219567685 11.71202624887428
0 131.4 8.612638917533232 11.615560773110499
0 131.6 8.638990615498779 11.519095297346718
0 131.8 8.665342313464325 11.422629821582937
0 132.0 8.691694011429872 11.326164345819157
0 132.2 8.718045709395419 11.229698870055376
0 132.4 8.744397407360966 11.133233394291596
0 132.6 8.770749105326512 11.036767918527815
0 132.8 8.797100803292059 10.940302442764034
0 133.0 8.823452501257606 10.843836967000254
0 133.2 8.849804199223152 10.747371491236473
0 133.4 8.8761558971887 10.650906015472692
0 133.6 8.902507595154246 10.554440539708912
0 133.8 8.928859293119793 10.457975063945131
0 134.0 8.95521099108534 10.36150958818135
0 134.2 8.981562689050886 10.26504411241757
0 134.4 9.007914387016433 10.16857863665379
0 134.6 9.03426608498198 10.072113160890009
0 134.8 9.08627570642863 9.881721904747566
0 135.0 9.096133287785504 9.981234859129358
0 135.2 9.105990869142378 10.08074781351115
0 135.4 9.115848450499252 10.180260767892943
0 135.6 9.125706031856126 10.279773722274735
0 135.8 9.135563613213 10.379286676656527
0 136.0 9.145421194569874 10.478799631038319
0 136.2 9.155278775926748 10.578312585420111
0 136.4 9.165136357283622 10.677825539801903
0 136.6 9.174993938640496 10.777338494183695
0 136.8 9.18485151999737 10.876851448565487
0 137.0 9.194709101354244 10.97636440294728
0 137.2 9.204566682711118 11.075877357329071
0 137.4 9.214424264067992 11.175390311710864
0 137.6 9.224281845424866 11.274903266092656
0 137.8 9.23413942678174 11.374416220474448
0 138.0 9.243997008138614 11.47392917485624
0 138.2 9.253854589495488 11.573442129238032
0 138.4 9.263712170852362 11.672955083619824
0 138.6 9.273569752209236 11.772468038001616
0 138.8 9.28342733356611 11.871980992383408
0 139.0 9.293284914922983 11.9714939467652
0 139.2 9.303142496279857 12.071006901146992
0 139.4 9.313000077636731 12.170519855528784
0 139.6 9.322857658993605 12.270032809910576
0 139.8 9.33271524035048 12.369545764292369
0 140.0 9.342572821707353 12.46905871867416
0 140.2 9.352430403064227 12.568571673055953
0 140.4 9.362287984421101 12.668084627437745
0 140.6 9.372145565777975 12.767597581819537
0 140.8 9.38200314713485 12.867110536201329
0 141.0 9.391860728491723 12.966623490583121
0 141.2 9.401718309848597 13.066136444964913
0 141.4 9.411575891205471 13.165649399346705
0 141.6 9.421433472562345 13.265162353728497
0 141.8 9.43129105391922 13.36467530811029
0 142.0 9.441148635276093 13.464188262492081
0 142.2 9.457047313567376 13.624686501385826
0 142.4 9.415813660352626 13.53358334094358
0 142.6 9.374580007137876 13.442480180501333
0 142.8 9.333346353923126 13.351377020059086
0 143.0 9.292112700708376 13.26027385961684
0 143.2 9.250879047493626 13.169170699174593
0 143.4 9.209645394278876 13.078067538732347
0 143.6 9.168411741064126 12.9869643782901
0 143.8 9.127178087849376 12.895861217847854
0 144.0 9.085944434634627 12.804758057405607
0 144.2 9.044710781419877 12.71365489696336
0 144.4 9.003477128205127 12.622551736521114
0 144.6 8.962243474990377 12.531448576078867
0 144.8 8.921009821775627 12.44034541563662
0 145.0 8.879776168560877 12.349242255194374
0 145.2 8.838542515346127 12.258139094752128
0 145.4 8.797308862131377 12.167035934309881
0 145.6 8.756075208916627 12.075932773867635
0 145.8 8.714841555701877 11.984829613425388
0 146.0 8.673607902487127 11.893726452983142
0 146.2 8.632374249272377 11.802623292540895
0 146.4 8.591140596057627 11.711520132098649
0 146.6 8.549906942842878 11.620416971656402
0 146.8 8.508673289628128 11.529313811214156
0 147.0 8.467439636413378 11.438210650771909
0 147.2 8.426205983198628 11.347107490329662
0 147.4 8.384972329983878 11.256004329887416
0 147.6 8.343738676769128 11.16490116944517
0 147.8 8.302505023554378 11.073798009002923
0 148.0 8.261271370339628 10.982694848560676
0 148.2 8.220037717124878 10.89159168811843
0 148.4 8.178804063910128 10.800488527676183
0 148.6 8.137570410695378 10.709385367233937
0 148.8 8.096336757480628 10.61828220679169
0 149.0 8.055103104265878 10.527179046349444
0 149.2 8.013869451051129 10.436075885907197
0 149.4 7.972635797836379 10.34497272546495
0 149.6 7.931402144621629 10.253869565022704
0 149.8 7.890168491406879 10.162766404580458
0 150.0 7.848934838192129 10.071663244138211
0 150.2 7.807701184977379 9.980560083695964
0 150.4 7.766467531762629 9.889456923253718
0 150.6 7.725233878547879 9.798353762811471
0 150.8 7.684000225333129 9.707250602369225
0 151.0 7.642766572118379 9.616147441926978
0 151.2 7.601532918903629 9.525044281484732
0 151.4 7.5602992656888794 9.433941121042485
0 151.6 7.5190656124741295 9.342837960600239
0 151.8 7.47783195925938 9.251734800157992
0 152.0 7.43659830604463 9.160631639715746
0 152.2 7.39536465282988 9.0695284792735
0 152.4 7.35413099961513 8.978425318831253
0 152.6 7.31289734640038 8.887322158389006
0 152.8 7.27166369318563 8.79621899794676
0 153.0 7.23043003997088 8.705115837504513
0 153.2 7.18919638675613 8.614012677062266
0 153.4 7.14796273354138 8.52290951662002
0 153.6 7.10672908032663 8.431806356177773
0 153.8 7.06549542711188 8.340703195735527
0 154.0 7.0242617738971305 8.24960003529328
0 154.2 6.9830281206823805 8.158496874851034
0 154.4 6.941794467467631 8.067393714408787
0 154.6 6.900560814252881 7.976290553966541
0 154.8 6.859327161038131 7.885187393524294
0 155.0 6.818093507823381 7.794084233082048
0 155.2 6.776859854608631 7.702981072639801
0 155.4 6.735626201393881 7.611877912197555
0 155.6 6.694392548179131 7.520774751755308
0 155.8 6.653158894964381 7.4296715913130615
0 156.0 6.611925241749631 7.338568430870815
0 156.2 6.570691588534881 7.2474652704285685
0 156.4 6.529457935320131 7.156362109986322
0 156.6 6.4882242821053815 7.065258949544075
0 156.8 6.446990628890632 6.974155789101829
0 157.0 6.405756975675882 6.883052628659582
0 157.2 6.364523322461132 6.791949468217336
0 157.4 6.323289669246382 6.700846307775089
0 157.6 6.282056016031632 6.609743147332843
0 157.8 6.240822362816882 6.518639986890596
0 158.0 6.199588709602132 6.42753682644835
0 158.2 6.158355056387382 6.336433666006103
0 158.4 6.117121403172632 6.245330505563857
0 158.6 6.075887749957882 6.15422734512161
0 158.8 6.034654096743132 6.0631241846793635
0 159.0 5.993420443528382 5.972021024237117
0 159.2 5.9521867903136325 5.8809178637948705
0 159.4 5.910953137098883 5.789814703352624
0 159.6 5.852808613427019 5.661348039452497
0 159.8 5.93117655671451 5.723464586884631
