2 0 2.98168598705 14.8616408658
3 0 19.1144468691 14.7732203062
4 0 12.6705285712 11.9009584848
5 0 0.508811594363 7.53961110444
6 0 0.844985794475 6.78326952464
7 0 4.5791382428 9.9729215382
8 0 1.86041211688 8.95060711211
9 0 2.53765725918 4.97087447354
10 0 11.1493583223 11.150304892
11 0 9.67329928369 2.67978022869
12 0 0.871319710652 8.52941103198
13 0 8.68927281969 18.084078101
14 0 16.768777043 13.88727072
15 0 13.2826315914 4.61990618382
16 0 10.3705991882 2.35293235642
1 0 10 10
0 0.0 4.631551621249553 7.703269016031632
0 0.2 4.635779465298983 7.803179602731409
0 0.4 4.640007309348412 7.903090189431186
0 0.6 4.644235153397842 8.003000776130964
0 0.8 4.648462997447272 8.102911362830742
0 1.0 4.652690841496701 8.20282194953052
0 1.2 4.656918685546131 8.302732536230298
0 1.4 4.661146529595561 8.402643122930076
0 1.6 4.66537437364499 8.502553709629854
0 1.8 4.66960221769442 8.602464296329632
0 2.0 4.67383006174385 8.70237488302941
0 2.2 4.678057905793279 8.802285469729188
0 2.4 4.682285749842709 8.902196056428966
0 2.6 4.686513593892139 9.002106643128744
0 2.8 4.690741437941568 9.102017229828522
0 3.0 4.694969281990998 9.2019278165283
0 3.2 4.699197126040428 9.301838403228079
0 3.4 4.703424970089857 9.401748989927857
0 3.6 4.707652814139287 9.501659576627635
0 3.8 4.711880658188717 9.601570163327413
0 4.0 4.716108502238146 9.70148075002719
0 4.2 4.720336346287576 9.801391336726969
0 4.4 4.724564190337006 9.901301923426747
0 4.6 4.728792034386435 10.001212510126525
0 4.8 4.733019878435865 10.101123096826303
0 5.0 4.737247722485295 10.20103368352608
0 5.2 4.741475566534724 10.300944270225859
0 5.4 4.745703410584154 10.400854856925637
0 5.6 4.749931254633584 10.500765443625415
0 5.8 4.754159098683013 10.600676030325193
0 6.0 4.758386942732443 10.700586617024971
0 6.2 4.762614786781873 10.800497203724749
0 6.4 4.766842630831302 10.900407790424527
0 6.6 4.771070474880732 11.000318377124305
0 6.8 4.775298318930162 11.100228963824083
0 7.0 4.779526162979591 11.200139550523861
0 7.2 4.783754007029021 11.30005013722364
0 7.4 4.787981851078451 11.399960723923417
0 7.6 4.79220969512788 11.499871310623195
0 7.8 4.79643753917731 11.599781897322973
0 8.0 4.80066538322674 11.699692484022751
0 8.2 4.804893227276169 11.79960307072253
0 8.4 4.809121071325599 11.899513657422307
0 8.6 4.813348915375029 11.999424244122086
0 8.8 4.817576759424458 12.099334830821864
0 9.0 4.821804603473888 12.199245417521642
0 9.2 4.826032447523318 12.29915600422142
0 9.4 4.830260291572747 12.399066590921198
0 9.6 4.834488135622177 12.498977177620976
0 9.8 4.838715979671607 12.598887764320754
0 10.0 4.842943823721036 12.698798351020532
0 10.2 4.847171667770466 12.79870893772031
0 10.4 4.851399511819896 12.898619524420088
0 10.6 4.855627355869325 12.998530111119866
0 10.8 4.859855199918755 13.098440697819644
0 11.0 4.864083043968185 13.198351284519422
0 11.2 4.868310888017614 13.2982618712192
0 11.4 4.872538732067044 13.398172457918978
0 11.6 4.876766576116474 13.498083044618756
0 11.8 4.880994420165903 13.597993631318534
0 12.0 4.885222264215333 13.697904218018312
0 12.2 4.889450108264763 13.79781480471809
0 12.4 4.893677952314192 13.897725391417868
0 12.6 4.897905796363622 13.997635978117646
0 12.8 4.9021336404130516 14.097546564817424
0 13.0 4.906361484462481 14.197457151517202
0 13.2 4.910589328511911 14.29736773821698
0 13.4 4.9148171725613405 14.397278324916758
0 13.6 4.91904501661077 14.497188911616536
0 13.8 4.9232728606602 14.597099498316314
0 14.0 4.9275007047096295 14.697010085016093
0 14.2 4.931728548759059 14.79692067171587
0 14.4 4.935956392808489 14.896831258415649
0 14.6 4.9401842368579185 14.996741845115427
0 14.8 4.944412080907348 15.096652431815205
0 15.0 4.948639924956778 15.196563018514983
0 15.2 4.9528677690062075 15.29647360521476
0 15.4 4.957095613055637 15.396384191914539
0 15.6 4.961323457105067 15.496294778614317
0 15.8 4.9655513011544965 15.596205365314095
0 16.0 4.969779145203926 15.696115952013873
0 16.2 4.974006989253356 15.796026538713651
0 16.4 4.9782348333027855 15.895937125413429
0 16.6 4.982462677352215 15.995847712113207
0 16.8 4.986690521401645 16.095758298812985
0 17.0 4.9909183654510745 16.195668885512763
0 17.2 4.995146209500504 16.29557947221254
0 17.4 4.999374053549934 16.39549005891232
0 17.6 5.0036018975993635 16.495400645612097
0 17.8 5.007829741648793 16.595311232311875
0 18.0 5.012057585698223 16.695221819011653
0 18.2 5.0162854297476525 16.79513240571143
0 18.4 5.020513273797082 16.89504299241121
0 18.6 5.024741117846512 16.994953579110987
0 18.8 5.0289689618959414 17.094864165810765
0 19.0 5.033196805945371 17.194774752510543
0 19.2 5.037424649994801 17.29468533921032
0 19.4 5.04165249404423 17.3945959259101
0 19.6 5.04588033809366 17.494506512609878
0 19.8 5.05010818214309 17.594417099309656
0 20.0 5.054336026192519 17.694327686009434
0 20.2 5.058563870241949 17.79423827270921
0 20.4 5.062791714291379 17.89414885940899
0 20.6 5.067019558340808 17.994059446108768
0 20.8 5.071247402390238 18.093970032808546
0 21.0 5.077850914221855 18.25002137568366
0 21.2 5.1470073423447085 18.17778988359545
0 21.4 5.216163770467562 18.105558391507245
0 21.6 5.285320198590415 18.033326899419038
0 21.8 5.354476626713268 17.96109540733083
0 22.0 5.423633054836121 17.888863915242624
0 22.2 5.492789482958974 17.816632423154417
0 22.4 5.5619459110818275 17.74440093106621
0 22.6 5.631102339204681 17.672169438978003
0 22.8 5.700258767327534 17.599937946889796
0 23.0 5.769415195450387 17.52770645480159
0 23.2 5.83857162357324 17.45547496271338
0 23.4 5.907728051696093 17.383243470625175
0 23.6 5.976884479818946 17.311011978536968
0 23.8 6.0460409079418 17.23878048644876
0 24.0 6.115197336064653 17.166548994360554
0 24.2 6.184353764187506 17.094317502272347
0 24.4 6.253510192310359 17.02208601018414
0 24.6 6.322666620433212 16.949854518095933
0 24.8 6.391823048556065 16.877623026007726
0 25.0 6.460979476678919 16.80539153391952
0 25.2 6.530135904801772 16.73316004183131
0 25.4 6.599292332924625 16.660928549743105
0 25.6 6.668448761047478 16.588697057654898
0 25.8 6.737605189170331 16.51646556556669
0 26.0 6.806761617293184 16.444234073478484
0 26.2 6.875918045416038 16.372002581390277
0 26.4 6.945074473538891 16.29977108930207
0 26.6 7.014230901661744 16.227539597213863
0 26.8 7.083387329784597 16.155308105125656
0 27.0 7.15254375790745 16.08307661303745
0 27.2 7.221700186030303 16.01084512094924
0 27.4 7.290856614153157 15.938613628861034
0 27.6 7.36001304227601 15.866382136772827
0 27.8 7.429169470398863 15.79415064468462
0 28.0 7.498325898521716 15.721919152596413
0 28.2 7.567482326644569 15.649687660508206
0 28.4 7.636638754767422 15.57745616842
0 28.6 7.7057951828902755 15.505224676331792
0 28.8 7.774951611013129 15.432993184243585
0 29.0 7.844108039135982 15.360761692155378
0 29.2 7.913264467258835 15.288530200067171
0 29.4 7.982420895381688 15.216298707978964
0 29.6 8.051577323504542 15.144067215890757
0 29.8 8.120733751627396 15.07183572380255
0 30.0 8.18989017975025 14.999604231714343
0 30.2 8.259046607873104 14.927372739626136
0 30.4 8.328203035995958 14.85514124753793
0 30.6 8.397359464118813 14.782909755449722
0 30.8 8.466515892241667 14.710678263361515
0 31.0 8.53567232036452 14.638446771273308
0 31.2 8.604828748487375 14.566215279185101
0 31.4 8.673985176610229 14.493983787096894
0 31.6 8.743141604733083 14.421752295008687
0 31.8 8.812298032855937 14.34952080292048
0 32.0 8.88145446097879 14.277289310832273
0 32.2 8.950610889101645 14.205057818744066
0 32.4 9.019767317224499 14.13282632665586
0 32.6 9.088923745347353 14.060594834567652
0 32.8 9.158080173470207 13.988363342479445
0 33.0 9.227236601593061 13.916131850391238
0 33.2 9.296393029715915 13.843900358303031
0 33.4 9.36554945783877 13.771668866214824
0 33.6 9.434705885961623 13.699437374126617
0 33.8 9.503862314084477 13.62720588203841
0 34.0 9.573018742207331 13.554974389950203
0 34.2 9.642175170330185 13.482742897861996
0 34.4 9.71133159845304 13.41051140577379
0 34.6 9.780488026575894 13.338279913685582
0 34.8 9.849644454698748 13.266048421597375
0 35.0 9.918800882821602 13.193816929509168
0 35.2 9.987957310944456 13.121585437420961
0 35.4 10.05711373906731 13.049353945332754
0 35.6 10.126270167190164 12.977122453244547
0 35.8 10.195426595313018 12.90489096115634
0 36.0 10.264583023435872 12.832659469068133
0 36.2 10.333739451558726 12.760427976979926
0 36.4 10.40289587968158 12.68819648489172
0 36.6 10.472052307804434 12.615964992803512
0 36.8 10.541208735927288 12.543733500715305
0 37.0 10.610365164050142 12.471502008627098
0 37.2 10.679521592172996 12.399270516538891
0 37.4 10.74867802029585 12.327039024450684
0 37.6 10.817834448418704 12.254807532362477
0 37.8 10.886990876541558 12.18257604027427
0 38.0 10.956147304664412 12.110344548186063
0 38.2 11.025303732787266 12.038113056097856
0 38.4 11.09446016091012 11.96588156400965
0 38.6 11.163616589032975 11.893650071921442
0 38.8 11.232773017155829 11.821418579833235
0 39.0 11.301929445278683 11.749187087745028
0 39.2 11.371085873401537 11.676955595656821
0 39.4 11.44024230152439 11.604724103568614
0 39.6 11.509398729647245 11.532492611480407
0 39.8 11.578555157770099 11.4602611193922
0 40.0 11.647711585892953 11.388029627303993
0 40.2 11.716868014015807 11.315798135215786
0 40.4 11.786024442138661 11.24356664312758
0 40.6 11.855180870261515 11.171335151039372
0 40.8 11.92433729838437 11.099103658951165
0 41.0 11.993493726507223 11.026872166862958
0 41.2 12.062650154630077 10.954640674774751
0 41.4 12.131806582752931 10.882409182686544
0 41.6 12.200963010875785 10.810177690598337
0 41.8 12.27011943899864 10.73794619851013
0 42.0 12.339275867121493 10.665714706421923
0 42.2 12.408432295244348 10.593483214333716
0 42.4 12.477588723367202 10.521251722245509
0 42.6 12.546745151490056 10.449020230157302
0 42.8 12.61590157961291 10.376788738069095
0 43.0 12.685058007735764 10.304557245980888
0 43.2 12.754214435858618 10.232325753892681
0 43.4 12.823370863981472 10.160094261804474
0 43.6 12.892527292104326 10.087862769716267
0 43.8 12.96168372022718 10.01563127762806
0 44.0 13.030840148350034 9.943399785539853
0 44.2 13.099996576472888 9.871168293451646
0 44.4 13.169153004595742 9.798936801363439
0 44.6 13.238309432718596 9.726705309275232
0 44.8 13.30746586084145 9.654473817187025
0 45.0 13.376622288964304 9.582242325098818
0 45.2 13.445778717087158 9.510010833010611
0 45.4 13.514935145210012 9.437779340922404
0 45.6 13.584091573332866 9.365547848834197
0 45.8 13.65324800145572 9.29331635674599
0 46.0 13.722404429578575 9.221084864657783
0 46.2 13.791560857701429 9.148853372569576
0 46.4 13.860717285824283 9.076621880481369
0 46.6 13.929873713947137 9.004390388393162
0 46.8 13.99903014206999 8.932158896304955
0 47.0 14.068186570192845 8.859927404216748
0 47.2 14.191102174137322 8.731546316372558
0 47.4 14.177272185663707 8.830585356244821
0 47.6 14.163442197190092 8.929624396117084
0 47.8 14.149612208716476 9.028663435989348
0 48.0 14.135782220242861 9.12770247586161
0 48.2 14.121952231769246 9.226741515733874
0 48.4 14.10812224329563 9.325780555606137
0 48.6 14.094292254822015 9.4248195954784
0 48.8 14.0804622663484 9.523858635350663
0 49.0 14.066632277874785 9.622897675222926
0 49.2 14.05280228940117 9.72193671509519
0 49.4 14.038972300927554 9.820975754967453
0 49.6 14.025142312453939 9.920014794839716
0 49.8 14.011312323980324 10.019053834711979
0 50.0 13.997482335506708 10.118092874584242
0 50.2 13.983652347033093 10.217131914456505
0 50.4 13.969822358559478 10.316170954328769
0 50.6 13.955992370085863 10.415209994201032
0 50.8 13.942162381612247 10.514249034073295
0 51.0 13.928332393138632 10.613288073945558
0 51.2 13.914502404665017 10.712327113817821
0 51.4 13.900672416191401 10.811366153690084
0 51.6 13.886842427717786 10.910405193562347
0 51.8 13.873012439244171 11.00944423343461
0 52.0 13.859182450770556 11.108483273306874
0 52.2 13.84535246229694 11.207522313179137
0 52.4 13.831522473823325 11.3065613530514
0 52.6 13.81769248534971 11.405600392923663
0 52.8 13.803862496876095 11.504639432795926
0 53.0 13.79003250840248 11.60367847266819
0 53.2 13.776202519928864 11.702717512540453
0 53.4 13.762372531455249 11.801756552412716
0 53.6 13.748542542981633 11.900795592284979
0 53.8 13.734712554508018 11.999834632157242
0 54.0 13.720882566034403 12.098873672029505
0 54.2 13.707052577560788 12.197912711901768
0 54.4 13.693222589087172 12.296951751774031
0 54.6 13.679392600613557 12.395990791646295
0 54.8 13.665562612139942 12.495029831518558
0 55.0 13.651732623666327 12.59406887139082
0 55.2 13.637902635192711 12.693107911263084
0 55.4 13.624072646719096 12.792146951135347
0 55.6 13.61024265824548 12.89118599100761
0 55.8 13.596412669771865 12.990225030879873
0 56.0 13.58258268129825 13.089264070752137
0 56.2 13.568752692824635 13.1883031106244
0 56.4 13.55492270435102 13.287342150496663
0 56.6 13.541092715877404 13.386381190368926
0 56.8 13.527262727403789 13.48542023024119
0 57.0 13.513432738930174 13.584459270113452
0 57.2 13.499602750456559 13.683498309985715
0 57.4 13.485772761982943 13.782537349857979
0 57.6 13.471942773509328 13.881576389730242
0 57.8 13.458112785035713 13.980615429602505
0 58.0 13.444282796562097 14.079654469474768
0 58.2 13.430452808088482 14.178693509347031
0 58.4 13.416622819614867 14.277732549219294
0 58.6 13.402792831141252 14.376771589091558
0 58.8 13.388962842667636 14.47581062896382
0 59.0 13.375132854194021 14.574849668836084
0 59.2 13.361302865720406 14.673888708708347
0 59.4 13.34747287724679 14.77292774858061
0 59.6 13.333642888773175 14.871966788452873
0 59.8 13.31981290029956 14.971005828325136
0 60.0 13.305982911825945 15.0700448681974
0 60.2 13.29215292335233 15.169083908069663
0 60.4 13.278322934878714 15.268122947941926
0 60.6 13.264492946405099 15.367161987814189
0 60.8 13.250662957931484 15.466201027686452
0 61.0 13.236832969457868 15.565240067558715
0 61.2 13.223002980984253 15.664279107430978
0 61.4 13.209172992510638 15.763318147303242
0 61.6 13.195343004037023 15.862357187175505
0 61.8 13.181513015563407 15.961396227047768
0 62.0 13.167683027089792 16.06043526692003
0 62.2 13.153853038616177 16.159474306792294
0 62.4 13.140023050142561 16.258513346664557
0 62.6 13.126193061668946 16.35755238653682
0 62.8 13.112363073195331 16.456591426409084
0 63.0 13.098533084721716 16.555630466281347
0 63.2 13.0847030962481 16.65466950615361
0 63.4 13.070873107774485 16.753708546025873
0 63.6 13.05704311930087 16.852747585898136
0 63.8 13.043213130827255 16.9517866257704
0 64.0 13.02938314235364 17.050825665642662
0 64.2 13.015553153880024 17.149864705514926
0 64.4 13.001723165406409 17.24890374538719
0 64.6 12.987893176932793 17.347942785259452
0 64.8 12.974063188459178 17.446981825131715
0 65.0 12.960233199985563 17.546020865003978
0 65.2 12.946403211511948 17.64505990487624
0 65.4 12.932573223038332 17.744098944748504
0 65.6 12.918743234564717 17.843137984620768
0 65.8 12.904913246091102 17.94217702449303
0 66.0 12.891083257617487 18.041216064365294
0 66.2 12.877253269143871 18.140255104237557
0 66.4 12.863423280670256 18.23929414410982
0 66.6 12.84959329219664 18.338333183982083
0 66.8 12.835763303723025 18.437372223854346
0 67.0 12.821776318431743 18.537535546231517
0 67.2 12.834439275126321 18.438340538656785
0 67.4 12.8471022318209 18.339145531082053
0 67.6 12.859765188515478 18.23995052350732
0 67.8 12.872428145210057 18.14075551593259
0 68.0 12.885091101904635 18.041560508357858
0 68.2 12.897754058599213 17.942365500783126
0 68.4 12.910417015293792 17.843170493208394
0 68.6 12.92307997198837 17.743975485633662
0 68.8 12.935742928682949 17.64478047805893
0 69.0 12.948405885377527 17.5455854704842
0 69.2 12.961068842072105 17.446390462909466
0 69.4 12.973731798766684 17.347195455334735
0 69.6 12.986394755461262 17.248000447760003
0 69.8 12.99905771215584 17.14880544018527
0 70.0 13.011720668850419 17.04961043261054
0 70.2 13.024383625544997 16.950415425035807
0 70.4 13.037046582239576 16.851220417461075
0 70.6 13.049709538934154 16.752025409886343
0 70.8 13.062372495628733 16.65283040231161
0 71.0 13.075035452323311 16.55363539473688
0 71.2 13.08769840901789 16.454440387162148
0 71.4 13.100361365712468 16.355245379587416
0 71.6 13.113024322407046 16.256050372012684
0 71.8 13.125687279101625 16.156855364437952
0 72.0 13.138350235796203 16.05766035686322
0 72.2 13.151013192490781 15.958465349288488
0 72.4 13.16367614918536 15.859270341713756
0 72.6 13.176339105879938 15.760075334139025
0 72.8 13.189002062574517 15.660880326564293
0 73.0 13.201665019269095 15.56168531898956
0 73.2 13.214327975963673 15.462490311414829
0 73.4 13.226990932658252 15.363295303840097
0 73.6 13.23965388935283 15.264100296265365
0 73.8 13.252316846047409 15.164905288690633
0 74.0 13.264979802741987 15.065710281115901
0 74.2 13.277642759436565 14.96651527354117
0 74.4 13.290305716131144 14.867320265966438
0 74.6 13.302968672825722 14.768125258391706
0 74.8 13.3156316295203 14.668930250816974
0 75.0 13.328294586214879 14.569735243242242
0 75.2 13.340957542909457 14.47054023566751
0 75.4 13.353620499604036 14.371345228092778
0 75.6 13.366283456298614 14.272150220518046
0 75.8 13.378946412993193 14.172955212943315
0 76.0 13.391609369687771 14.073760205368583
0 76.2 13.40427232638235 13.97456519779385
0 76.4 13.416935283076928 13.875370190219119
0 76.6 13.429598239771506 13.776175182644387
0 76.8 13.442261196466085 13.676980175069655
0 77.0 13.454924153160663 13.577785167494923
0 77.2 13.467587109855241 13.478590159920191
0 77.4 13.48025006654982 13.37939515234546
0 77.6 13.492913023244398 13.280200144770728
0 77.8 13.505575979938977 13.181005137195996
0 78.0 13.518238936633555 13.081810129621264
0 78.2 13.530901893328133 12.982615122046532
0 78.4 13.543564850022712 12.8834201144718
0 78.6 13.55622780671729 12.784225106897068
0 78.8 13.568890763411869 12.685030099322336
0 79.0 13.581553720106447 12.585835091747605
0 79.2 13.594216676801025 12.486640084172873
0 79.4 13.606879633495604 12.38744507659814
0 79.6 13.619542590190182 12.288250069023409
0 79.8 13.63220554688476 12.189055061448677
0 80.0 13.644868503579339 12.089860053873945
0 80.2 13.657531460273917 11.990665046299213
0 80.4 13.670194416968496 11.891470038724481
0 80.6 13.682857373663074 11.79227503114975
0 80.8 13.695520330357652 11.693080023575018
0 81.0 13.70818328705223 11.593885016000286
0 81.2 13.72084624374681 11.494690008425554
0 81.4 13.733509200441388 11.395495000850822
0 81.6 13.746172157135966 11.29629999327609
0 81.8 13.758835113830544 11.197104985701358
0 82.0 13.771498070525123 11.097909978126626
0 82.2 13.784161027219701 10.998714970551895
0 82.4 13.79682398391428 10.899519962977163
0 82.6 13.809486940608858 10.80032495540243
0 82.8 13.822149897303436 10.701129947827699
0 83.0 13.834812853998015 10.601934940252967
0 83.2 13.847475810692593 10.502739932678235
0 83.4 13.860138767387172 10.403544925103503
0 83.6 13.87280172408175 10.304349917528771
0 83.8 13.885464680776328 10.20515490995404
0 84.0 13.898127637470907 10.105959902379308
0 84.2 13.910790594165485 10.006764894804576
0 84.4 13.923453550860064 9.907569887229844
0 84.6 13.936116507554642 9.808374879655112
0 84.8 13.94877946424922 9.70917987208038
0 85.0 13.961442420943799 9.609984864505648
0 85.2 13.974105377638377 9.510789856930916
0 85.4 13.986768334332956 9.411594849356185
0 85.6 14.004037767599707 9.276315103477728
0 85.8 13.929644728188501 9.343140814750882
0 86.0 13.855251688777296 9.409966526024036
0 86.2 13.78085864936609 9.47679223729719
0 86.4 13.706465609954884 9.543617948570343
0 86.6 13.632072570543679 9.610443659843497
0 86.8 13.557679531132473 9.677269371116651
0 87.0 13.483286491721268 9.744095082389805
0 87.2 13.408893452310062 9.810920793662959
0 87.4 13.334500412898857 9.877746504936113
0 87.6 13.260107373487651 9.944572216209266
0 87.8 13.185714334076446 10.01139792748242
0 88.0 13.11132129466524 10.078223638755574
0 88.2 13.036928255254034 10.145049350028728
0 88.4 12.962535215842829 10.211875061301882
0 88.6 12.888142176431623 10.278700772575036
0 88.8 12.813749137020418 10.34552648384819
0 89.0 12.739356097609212 10.412352195121343
0 89.2 12.664963058198007 10.479177906394497
0 89.4 12.590570018786801 10.546003617667651
0 89.6 12.516176979375595 10.612829328940805
0 89.8 12.44178393996439 10.679655040213959
0 90.0 12.367390900553184 10.746480751487113
0 90.2 12.292997861141979 10.813306462760266
0 90.4 12.218604821730773 10.88013217403342
0 90.6 12.144211782319568 10.946957885306574
0 90.8 12.069818742908362 11.013783596579728
0 91.0 11.995425703497157 11.080609307852882
0 91.2 11.921032664085951 11.147435019126036
0 91.4 11.846639624674745 11.21426073039919
0 91.6 11.77224658526354 11.281086441672343
0 91.8 11.697853545852334 11.347912152945497
0 92.0 11.623460506441129 11.414737864218651
0 92.2 11.549067467029923 11.481563575491805
0 92.4 11.474674427618718 11.548389286764959
0 92.6 11.400281388207512 11.615214998038113
0 92.8 11.325888348796306 11.682040709311266
0 93.0 11.251495309385101 11.74886642058442
0 93.2 11.177102269973895 11.815692131857574
0 93.4 11.10270923056269 11.882517843130728
0 93.6 11.028316191151484 11.949343554403882
0 93.8 10.953923151740279 12.016169265677036
0 94.0 10.879530112329073 12.08299497695019
0 94.2 10.805137072917868 12.149820688223343
0 94.4 10.730744033506662 12.216646399496497
0 94.6 10.656350994095456 12.283472110769651
0 94.8 10.58195795468425 12.350297822042805
0 95.0 10.507564915273045 12.417123533315959
0 95.2 10.43317187586184 12.483949244589112
0 95.4 10.358778836450634 12.550774955862266
0 95.6 10.284385797039429 12.61760066713542
0 95.8 10.209992757628223 12.684426378408574
0 96.0 10.135599718217017 12.751252089681728
0 96.2 10.061206678805812 12.818077800954882
0 96.4 9.986813639394606 12.884903512228036
0 96.6 9.9124205999834 12.95172922350119
0 96.8 9.838027560572195 13.018554934774343
0 97.0 9.76363452116099 13.085380646047497
0 97.2 9.689241481749784 13.152206357320651
0 97.4 9.614848442338578 13.219032068593805
0 97.6 9.540455402927373 13.285857779866959
0 97.8 9.466062363516167 13.352683491140112
0 98.0 9.391669324104962 13.419509202413266
0 98.2 9.317276284693756 13.48633491368642
0 98.4 9.24288324528255 13.553160624959574
0 98.6 9.168490205871345 13.619986336232728
0 98.8 9.09409716646014 13.686812047505882
0 99.0 9.019704127048934 13.753637758779035
0 99.2 8.945311087637728 13.82046347005219
0 99.4 8.870918048226523 13.887289181325343
0 99.6 8.796525008815317 13.954114892598497
0 99.8 8.722131969404112 14.02094060387165
0 100.0 8.647738929992906 14.087766315144805
0 100.2 8.5733458905817 14.154592026417959
0 100.4 8.498952851170495 14.221417737691112
0 100.6 8.42455981175929 14.288243448964266
0 100.8 8.350166772348084 14.35506916023742
0 101.0 8.275773732936878 14.421894871510574
0 101.2 8.201380693525673 14.488720582783728
0 101.4 8.126987654114467 14.555546294056882
0 101.6 8.052594614703262 14.622372005330035
0 101.8 7.978201575292056 14.68919771660319
0 102.0 7.9038085358808505 14.756023427876343
0 102.2 7.829415496469645 14.822849139149497
0 102.4 7.755022457058439 14.88967485042265
0 102.6 7.680629417647234 14.956500561695805
0 102.8 7.606236378236028 15.023326272968959
0 103.0 7.531843338824823 15.090151984242112
0 103.2 7.457450299413617 15.156977695515266
0 103.4 7.383057260002412 15.22380340678842
0 103.6 7.308664220591206 15.290629118061574
0 103.8 7.2342711811800005 15.357454829334728
0 104.0 7.159878141768795 15.424280540607882
0 104.2 7.085485102357589 15.491106251881035
0 104.4 7.011092062946384 15.55793196315419
0 104.6 6.936699023535178 15.624757674427343
0 104.8 6.862305984123973 15.691583385700497
0 105.0 6.787912944712767 15.75840909697365
0 105.2 6.7135199053015615 15.825234808246805
0 105.4 6.639126865890356 15.892060519519958
0 105.6 6.56473382647915 15.958886230793112
0 105.8 6.490340787067945 16.025711942066266
0 106.0 6.415947747656739 16.09253765333942
0 106.2 6.341554708245534 16.159363364612574
0 106.4 6.267161668834328 16.226189075885728
0 106.6 6.192768629423123 16.29301478715888
0 106.8 6.118375590011917 16.359840498432035
0 107.0 6.043982550600711 16.42666620970519
0 107.2 5.969589511189506 16.493491920978343
0 107.4 5.8951964717783 16.560317632251497
0 107.6 5.820803432367095 16.62714334352465
0 107.8 5.746410392955889 16.693969054797805
0 108.0 5.672017353544684 16.76079476607096
0 108.2 5.597624314133478 16.827620477344112
0 108.4 5.5232312747222725 16.894446188617266
0 108.6 5.448838235311067 16.96127189989042
0 108.8 5.374445195899861 17.028097611163574
0 109.0 5.300052156488656 17.094923322436728
0 109.2 5.22565911707745 17.16174903370988
0 109.4 5.151266077666245 17.228574744983035
0 109.6 5.076873038255039 17.29540045625619
0 109.8 5.0024799988438335 17.362226167529343
0 110.0 4.928086959432628 17.429051878802497
0 110.2 4.853693920021422 17.49587759007565
0 110.4 4.779300880610217 17.562703301348805
0 110.6 4.704907841199011 17.62952901262196
0 110.8 4.630514801787806 17.696354723895112
0 111.0 4.5561217623766 17.763180435168266
0 111.2 4.481728722965395 17.83000614644142
0 111.4 4.407335683554189 17.896831857714574
0 111.6 4.3329426441429835 17.963657568987728
0 111.8 4.258549604731778 18.03048328026088
0 112.0 4.184156565320572 18.097308991534035
0 112.2 4.109763525909367 18.16413470280719
0 112.4 4.035370486498161 18.230960414080343
0 112.6 3.9609774470869556 18.297786125353497
0 112.8 3.88658440767575 18.36461183662665
0 113.0 3.8121913682645445 18.431437547899804
0 113.2 3.737798328853339 18.49826325917296
0 113.4 3.6634052894421334 18.565088970446112
0 113.6 3.589012250030928 18.631914681719266
0 113.8 3.5146192106197223 18.69874039299242
0 114.0 3.4402261712085167 18.765566104265574
0 114.2 3.365833131797311 18.832391815538728
0 114.4 3.2914400923861056 18.89921752681188
0 114.6 3.2170470529749 18.966043238085035
0 114.8 3.1426540135636944 19.03286894935819
0 115.0 3.007451011447224 19.154318978207684
0 115.2 2.9459758836224954 19.07544687503468
0 115.4 2.8845007557977667 18.996574771861674
0 115.6 2.823025627973038 18.91770266868867
0 115.8 2.761550500148309 18.838830565515664
0 116.0 2.7000753723235804 18.75995846234266
0 116.2 2.6386002444988517 18.681086359169655
0 116.4 2.577125116674123 18.60221425599665
0 116.6 2.515649988849394 18.523342152823645
0 116.8 2.4541748610246654 18.44447004965064
0 117.0 2.3926997331999367 18.365597946477635
0 117.2 2.331224605375208 18.28672584330463
0 117.4 2.269749477550479 18.207853740131625
0 117.6 2.2082743497257504 18.12898163695862
0 117.8 2.1467992219010217 18.050109533785616
0 118.0 2.085324094076293 17.97123743061261
0 118.2 2.023848966251564 17.892365327439606
0 118.4 1.9623738384268354 17.8134932242666
0 118.6 1.9008987106021067 17.734621121093596
0 118.8 1.839423582777378 17.65574901792059
0 119.0 1.7779484549526492 17.576876914747587
0 119.2 1.711708713173501 17.491891849524873
0 119.4 1.8044751318098522 17.454550296619495
0 119.6 1.8972415504462035 17.417208743714117
0 119.8 1.9900079690825547 17.37986719080874
0 120.0 2.082774387718906 17.34252563790336
0 120.2 2.1755408063552575 17.305184084997983
0 120.4 2.268307224991609 17.267842532092605
0 120.6 2.3610736436279605 17.230500979187227
0 120.8 2.453840062264312 17.19315942628185
0 121.0 2.5466064809006634 17.15581787337647
0 121.2 2.639372899537015 17.118476320471093
0 121.4 2.7321393181733664 17.081134767565715
0 121.6 2.824905736809718 17.043793214660337
0 121.8 2.9176721554460694 17.00645166175496
0 122.0 3.010438574082421 16.96911010884958
0 122.2 3.1032049927187724 16.931768555944203
0 122.4 3.195971411355124 16.894427003038825
0 122.6 3.2887378299914753 16.857085450133447
0 122.8 3.381504248627827 16.81974389722807
0 123.0 3.4742706672641783 16.78240234432269
0 123.2 3.56703708590053 16.745060791417313
0 123.4 3.6598035045368813 16.707719238511935
0 123.6 3.752569923173233 16.670377685606557
0 123.8 3.8453363418095843 16.63303613270118
0 124.0 3.9381027604459358 16.5956945797958
0 124.2 4.030869179082287 16.558353026890423
0 124.4 4.123635597718638 16.521011473985045
0 124.6 4.21640201635499 16.483669921079667
0 124.8 4.309168434991341 16.44632836817429
0 125.0 4.401934853627693 16.40898681526891
0 125.2 4.494701272264044 16.371645262363533
0 125.4 4.587467690900396 16.334303709458155
0 125.6 4.680234109536747 16.296962156552777
0 125.8 4.773000528173099 16.2596206036474
0 126.0 4.86576694680945 16.22227905074202
0 126.2 4.958533365445802 16.184937497836643
0 126.4 5.051299784082153 16.147595944931265
0 126.6 5.144066202718505 16.110254392025887
0 126.8 5.236832621354856 16.07291283912051
0 127.0 5.329599039991208 16.03557128621513
0 127.2 5.422365458627559 15.998229733309751
0 127.4 5.515131877263911 15.960888180404371
0 127.6 5.607898295900262 15.923546627498991
0 127.8 5.700664714536614 15.886205074593612
0 128.0 5.793431133172965 15.848863521688232
0 128.2 5.886197551809317 15.811521968782852
0 128.4 5.978963970445668 15.774180415877472
0 128.6 6.07173038908202 15.736838862972093
0 128.8 6.164496807718371 15.699497310066713
0 129.0 6.2572632263547225 15.662155757161333
0 129.2 6.350029644991074 15.624814204255953
0 129.4 6.4427960636274255 15.587472651350573
0 129.6 6.535562482263777 15.550131098445194
0 129.8 6.6283289009001285 15.512789545539814
0 130.0 6.72109531953648 15.475447992634434
0 130.2 6.8138617381728315 15.438106439729054
0 130.4 6.906628156809183 15.400764886823675
0 130.6 6.9993945754455344 15.363423333918295
0 130.8 7.092160994081886 15.326081781012915
0 131.0 7.184927412718237 15.288740228107535
0 131.2 7.277693831354589 15.251398675202156
0 131.4 7.37046024999094 15.214057122296776
0 131.6 7.463226668627292 15.176715569391396
0 131.8 7.555993087263643 15.139374016486016
0 132.0 7.648759505899995 15.102032463580636
0 132.2 7.741525924536346 15.064690910675257
0 132.4 7.834292343172698 15.027349357769877
0 132.6 7.927058761809049 14.990007804864497
0 132.8 8.0198251804454 14.952666251959117
0 133.0 8.112591599081751 14.915324699053738
0 133.2 8.205358017718103 14.877983146148358
0 133.4 8.298124436354454 14.840641593242978
0 133.6 8.390890854990806 14.803300040337598
0 133.8 8.483657273627157 14.765958487432219
0 134.0 8.576423692263509 14.728616934526839
0 134.2 8.66919011089986 14.691275381621459
0 134.4 8.761956529536212 14.65393382871608
0 134.6 8.854722948172563 14.6165922758107
0 134.8 8.947489366808915 14.57925072290532
0 135.0 9.040255785445266 14.54190916999994
0 135.2 9.133022204081618 14.50456761709456
0 135.4 9.22578862271797 14.46722606418918
0 135.6 9.31855504135432 14.4298845112838
0 135.8 9.411321459990672 14.39254295837842
0 136.0 9.504087878627024 14.355201405473041
0 136.2 9.596854297263375 14.317859852567661
0 136.4 9.689620715899727 14.280518299662281
0 136.6 9.782387134536078 14.243176746756902
0 136.8 9.87515355317243 14.205835193851522
0 137.0 9.967919971808781 14.168493640946142
0 137.2 10.060686390445133 14.131152088040762
0 137.4 10.153452809081484 14.093810535135383
0 137.6 10.246219227717836 14.056468982230003
0 137.8 10.338985646354187 14.019127429324623
0 138.0 10.431752064990539 13.981785876419243
0 138.2 10.52451848362689 13.944444323513864
0 138.4 10.617284902263242 13.907102770608484
0 138.6 10.710051320899593 13.869761217703104
0 138.8 10.802817739535945 13.832419664797724
0 139.0 10.895584158172296 13.795078111892344
0 139.2 10.988350576808648 13.757736558986965
0 139.4 11.081116995444999 13.720395006081585
0 139.6 11.17388341408135 13.683053453176205
0 139.8 11.266649832717702 13.645711900270825
0 140.0 11.359416251354054 13.608370347365446
0 140.2 11.452182669990405 13.571028794460066
0 140.4 11.544949088626757 13.533687241554686
0 140.6 11.637715507263108 13.496345688649306
0 140.8 11.73048192589946 13.459004135743927
0 141.0 11.823248344535811 13.421662582838547
0 141.2 11.916014763172162 13.384321029933167
0 141.4 12.008781181808514 13.346979477027787
0 141.6 12.101547600444865 13.309637924122407
0 141.8 12.194314019081217 13.272296371217028
0 142.0 12.287080437717568 13.234954818311648
0 142.2 12.37984685635392 13.197613265406268
0 142.4 12.472613274990271 13.160271712500888
0 142.6 12.565379693626623 13.122930159595509
0 142.8 12.658146112262974 13.085588606690129
0 143.0 12.750912530899326 13.048247053784749
0 143.2 12.843678949535677 13.01090550087937
0 143.4 12.936445368172029 12.97356394797399
0 143.6 13.02921178680838 12.93622239506861
0 143.8 13.121978205444732 12.89888084216323
0 144.0 13.214744624081083 12.86153928925785
0 144.2 13.307511042717435 12.82419773635247
0 144.4 13.400277461353786 12.78685618344709
0 144.6 13.493043879990138 12.74951463054171
0 144.8 13.58581029862649 12.712173077636331
0 145.0 13.67857671726284 12.674831524730951
0 145.2 13.771343135899192 12.637489971825572
0 145.4 13.864109554535544 12.600148418920192
0 145.6 13.956875973171895 12.562806866014812
0 145.8 14.049642391808247 12.525465313109432
0 146.0 14.142408810444598 12.488123760204052
0 146.2 14.23517522908095 12.450782207298673
0 146.4 14.327941647717301 12.413440654393293
0 146.6 14.420708066353653 12.376099101487913
0 146.8 14.513474484990004 12.338757548582533
0 147.0 14.606240903626356 12.301415995677154
0 147.2 14.699007322262707 12.264074442771774
0 147.4 14.791773740899059 12.226732889866394
0 147.6 14.88454015953541 12.189391336961014
0 147.8 14.977306578171762 12.152049784055635
0 148.0 15.070072996808113 12.114708231150255
0 148.2 15.162839415444465 12.077366678244875
0 148.4 15.255605834080816 12.040025125339495
0 148.6 15.348372252717168 12.002683572434115
0 148.8 15.441138671353519 11.965342019528736
0 149.0 15.543428481771645 11.924166986326481
0 149.2 15.490225857828738 11.83949419963802
0 149.4 15.437023233885832 11.754821412949559
0 149.6 15.383820609942925 11.670148626261097
0 149.8 15.330617986000018 11.585475839572636
0 150.0 15.277415362057111 11.500803052884175
0 150.2 15.224212738114204 11.416130266195713
0 150.4 15.171010114171297 11.331457479507252
0 150.6 15.11780749022839 11.24678469281879
0 150.8 15.064604866285483 11.16211190613033
0 151.0 15.011402242342577 11.077439119441868
0 151.2 14.95819961839967 10.992766332753407
0 151.4 14.904996994456763 10.908093546064945
0 151.6 14.851794370513856 10.823420759376484
0 151.8 14.79859174657095 10.738747972688023
0 152.0 14.745389122628042 10.654075185999561
0 152.2 14.692186498685135 10.5694023993111
0 152.4 14.638983874742229 10.484729612622639
0 152.6 14.585781250799322 10.400056825934177
0 152.8 14.532578626856415 10.315384039245716
0 153.0 14.479376002913508 10.230711252557255
0 153.2 14.426173378970601 10.146038465868793
0 153.4 14.372970755027694 10.061365679180332
0 153.6 14.319768131084787 9.97669289249187
0 153.8 14.26656550714188 9.89202010580341
0 154.0 14.213362883198974 9.807347319114948
0 154.2 14.160160259256067 9.722674532426486
0 154.4 14.10695763531316 9.638001745738025
0 154.6 14.053755011370253 9.553328959049564
0 154.8 14.000552387427346 9.468656172361102
0 155.0 13.94734976348444 9.383983385672641
0 155.2 13.894147139541532 9.29931059898418
0 155.4 13.840944515598625 9.214637812295718
0 155.6 13.787741891655719 9.129965025607257
0 155.8 13.734539267712812 9.045292238918796
0 156.0 13.681336643769905 8.960619452230334
0 156.2 13.628134019826998 8.875946665541873
0 156.4 13.574931395884091 8.791273878853412
0 156.6 13.521728771941184 8.70660109216495
0 156.8 13.468526147998277 8.621928305476489
0 157.0 13.41532352405537 8.537255518788028
0 157.2 13.362120900112464 8.452582732099566
0 157.4 13.308918276169557 8.367909945411105
0 157.6 13.25571565222665 8.283237158722644
0 157.8 13.202513028283743 8.198564372034182
0 158.0 13.149310404340836 8.113891585345721
0 158.2 13.09610778039793 8.02921879865726
0 158.4 13.042905156455022 7.944546011968798
0 158.6 12.989702532512116 7.859873225280337
0 158.8 12.936499908569209 7.775200438591876
0 159.0 12.883297284626302 7.690527651903414
0 159.2 12.830094660683395 7.605854865214953
0 159.4 12.776892036740488 7.521182078526492
0 159.6 12.723689412797581 7.43650929183803
0 159.8 12.670486788854674 7.351836505149569
