2 0 14.0684506413 4.3455515425
3 0 16.8279495928 16.5827393809
4 0 17.0822471209 0.716635489746
5 0 3.85340832526 15.7474558282
6 0 11.8837409577 6.25302130373
7 0 14.1008395914 0.66979490287
8 0 17.4774374459 9.2844760296
9 0 5.34658294843 5.01284587388
10 0 5.64230382154 3.52926103615
11 0 8.1337241832 3.4303866475
12 0 7.98796499485 18.3048396336
13 0 18.4491280928 5.20985476085
14 0 12.4523595859 17.0033813717
15 0 13.2533627082 7.0688379184
16 0 7.36825259278 18.0425564627
17 0 4.81159568681 13.9874117703
18 0 8.44506004273 9.47408884764
19 0 16.6228922839 4.71220000656
20 0 2.87823686809 8.06774463607
21 0 1.51719787184 4.49406600278
22 0 9.61318074646 7.6222497835
23 0 15.4909060945 10.1647241154
24 0 0.340163191862 15.8567683315
25 0 4.19569021896 7.17255441249
26 0 12.851575371 14.4881193928
27 0 5.380575172 4.88551586847
28 0 6.39466562358 15.8315624767
29 0 1.39993555019 0.273788256014
30 0 12.4000880675 6.19988390686
31 0 15.365739863 3.96618384128
32 0 10.9435765927 14.5474184227
33 0 8.08078442663 17.0376133715
34 0 8.88849052966 16.3136933162
35 0 6.06671026996 19.6087184075
36 0 17.0319229267 18.9023744049
37 0 7.92395666952 12.2773585631
38 0 3.42870898332 10.9547837554
39 0 19.0976372469 8.08394507
40 0 7.82310215336 18.1987790132
41 0 7.06925352599 10.2542376614
42 0 6.77451428164 12.2229435934
43 0 4.46212649393 17.8947705258
44 0 3.41983846292 11.0024994691
45 0 15.9083903298 14.965014358
46 0 3.21906357595 15.3474982975
1 0 10 10
0 0.0 4.037105147487841 11.502298579278367
0 0.2 3.98539200534338 11.416707978570424
0 0.4 3.933678863198919 11.33111737786248
0 0.6 3.881965721054458 11.245526777154536
0 0.8 3.830252578909997 11.159936176446593
0 1.0 3.778539436765536 11.074345575738649
0 1.2 3.726826294621075 10.988754975030705
0 1.4 3.675113152476614 10.903164374322762
0 1.6 3.623400010332153 10.817573773614818
0 1.8 3.571686868187692 10.731983172906874
0 2.0 3.519973726043231 10.64639257219893
0 2.2 3.46826058389877 10.560801971490987
0 2.4 3.416547441754309 10.475211370783043
0 2.6 3.364834299609848 10.3896207700751
0 2.8 3.313121157465387 10.304030169367156
0 3.0 3.261408015320926 10.218439568659212
0 3.2 3.209694873176465 10.132848967951269
0 3.4 3.157981731032004 10.047258367243325
0 3.6 3.106268588887543 9.961667766535381
0 3.8 3.054555446743082 9.876077165827438
0 4.0 3.0028423045986212 9.790486565119494
0 4.2 2.9511291624541602 9.70489596441155
0 4.4 2.8994160203096992 9.619305363703607
0 4.6 2.8477028781652383 9.533714762995663
0 4.8 2.7959897360207773 9.44812416228772
0 5.0 2.7442765938763163 9.362533561579776
0 5.2 2.6925634517318553 9.276942960871832
0 5.4 2.6408503095873943 9.191352360163888
0 5.6 2.5891371674429333 9.105761759455945
0 5.8 2.5374240252984723 9.020171158748001
0 6.0 2.4857108831540113 8.934580558040057
0 6.2 2.4339977410095504 8.848989957332114
0 6.4 2.3822845988650894 8.76339935662417
0 6.6 2.3305714567206284 8.677808755916226
0 6.8 2.2788583145761674 8.592218155208283
0 7.0 2.2271451724317064 8.506627554500339
0 7.2 2.1754320302872454 8.421036953792395
0 7.4 2.1237188881427844 8.335446353084452
0 7.6 2.0720057459983234 8.249855752376508
0 7.8 2.0202926038538624 8.164265151668564
0 8.0 1.9685794617094015 8.07867455096062
0 8.2 1.9168663195649405 7.993083950252676
0 8.4 1.8651531774204795 7.9074933495447315
0 8.6 1.8134400352760185 7.821902748836787
0 8.8 1.7249486685601778 7.675440381233621
0 9.0 1.7054338679659802 7.773517761692974
0 9.2 1.6859190673717825 7.8715951421523265
0 9.4 1.666404266777585 7.969672522611679
0 9.6 1.6468894661833873 8.067749903071032
0 9.8 1.6273746655891896 8.165827283530385
0 10.0 1.607859864994992 8.263904663989738
0 10.2 1.5883450644007944 8.36198204444909
0 10.4 1.5688302638065967 8.460059424908444
0 10.6 1.549315463212399 8.558136805367797
0 10.8 1.5298006626182015 8.65621418582715
0 11.0 1.5102858620240038 8.754291566286502
0 11.2 1.4907710614298062 8.852368946745855
0 11.4 1.4712562608356086 8.950446327205208
0 11.6 1.451741460241411 9.048523707664561
0 11.8 1.4322266596472133 9.146601088123914
0 12.0 1.4127118590530157 9.244678468583267
0 12.2 1.393197058458818 9.34275584904262
0 12.4 1.3736822578646204 9.440833229501973
0 12.6 1.3541674572704228 9.538910609961325
0 12.8 1.3346526566762251 9.636987990420678
0 13.0 1.3151378560820275 9.735065370880031
0 13.2 1.2956230554878299 9.833142751339384
0 13.4 1.2761082548936322 9.931220131798737
0 13.6 1.2565934542994346 10.02929751225809
0 13.8 1.237078653705237 10.127374892717443
0 14.0 1.2175638531110393 10.225452273176796
0 14.2 1.1980490525168417 10.323529653636148
0 14.4 1.178534251922644 10.421607034095501
0 14.6 1.1590194513284464 10.519684414554854
0 14.8 1.1395046507342488 10.617761795014207
0 15.0 1.1199898501400511 10.71583917547356
0 15.2 1.1004750495458535 10.813916555932913
0 15.4 1.0809602489516559 10.911993936392266
0 15.6 1.0614454483574582 11.010071316851619
0 15.8 1.0419306477632606 11.108148697310972
0 16.0 1.022415847169063 11.206226077770324
0 16.2 1.0029010465748653 11.304303458229677
0 16.4 0.9833862459806677 11.40238083868903
0 16.6 0.9638714453864701 11.500458219148383
0 16.8 0.9443566447922724 11.598535599607736
0 17.0 0.9248418441980748 11.696612980067089
0 17.2 0.9053270436038772 11.794690360526442
0 17.4 0.8858122430096795 11.892767740985795
0 17.6 0.8662974424154819 11.990845121445147
0 17.8 0.8467826418212843 12.0889225019045
0 18.0 0.8272678412270866 12.186999882363853
0 18.2 0.807753040632889 12.285077262823206
0 18.4 0.7882382400386914 12.383154643282559
0 18.6 0.7687234394444937 12.481232023741912
0 18.8 0.7492086388502961 12.579309404201265
0 19.0 0.7296938382560985 12.677386784660618
0 19.2 0.7101790376619008 12.77546416511997
0 19.4 0.6906642370677032 12.873541545579323
0 19.6 0.6711494364735056 12.971618926038676
0 19.8 0.6516346358793079 13.06969630649803
0 20.0 0.6321198352851103 13.167773686957382
0 20.2 0.6126050346909127 13.265851067416735
0 20.4 0.593090234096715 13.363928447876088
0 20.6 0.5735754335025174 13.46200582833544
0 20.8 0.5540606329083198 13.560083208794794
0 21.0 0.5345458323141221 13.658160589254146
0 21.2 0.5150310317199245 13.7562379697135
0 21.4 0.4955162311257268 13.854315350172852
0 21.6 0.4760014305315291 13.952392730632205
0 21.8 0.4564866299373314 14.050470111091558
0 22.0 0.4369718293431337 14.14854749155091
0 22.2 0.41745702874893603 14.246624872010264
0 22.4 0.39794222815473834 14.344702252469617
0 22.6 0.3607115468257205 14.531816011579854
0 22.8 0.39972493538216286 14.43974019763643
0 23.0 0.43873832393860523 14.347664383693006
0 23.2 0.4777517124950476 14.255588569749582
0 23.4 0.51676510105149 14.163512755806158
0 23.6 0.5557784896079323 14.071436941862734
0 23.8 0.5947918781643746 13.97936112791931
0 24.0 0.6338052667208169 13.887285313975886
0 24.2 0.6728186552772593 13.795209500032461
0 24.4 0.7118320438337016 13.703133686089037
0 24.6 0.7508454323901439 13.611057872145613
0 24.8 0.7898588209465862 13.51898205820219
0 25.0 0.8288722095030285 13.426906244258765
0 25.2 0.8678855980594709 13.33483043031534
0 25.4 0.9068989866159132 13.242754616371917
0 25.6 0.9459123751723555 13.150678802428493
0 25.8 0.9849257637287978 13.058602988485069
0 26.0 1.0239391522852401 12.966527174541644
0 26.2 1.0629525408416824 12.87445136059822
0 26.4 1.1019659293981248 12.782375546654796
0 26.6 1.140979317954567 12.690299732711372
0 26.8 1.1799927065110094 12.598223918767948
0 27.0 1.2190060950674517 12.506148104824524
0 27.2 1.258019483623894 12.4140722908811
0 27.4 1.2970328721803364 12.321996476937676
0 27.6 1.3360462607367787 12.229920662994251
0 27.8 1.375059649293221 12.137844849050827
0 28.0 1.4140730378496633 12.045769035107403
0 28.2 1.4530864264061056 11.953693221163979
0 28.4 1.492099814962548 11.861617407220555
0 28.6 1.5311132035189903 11.76954159327713
0 28.8 1.5701265920754326 11.677465779333707
0 29.0 1.609139980631875 11.585389965390283
0 29.2 1.6481533691883172 11.493314151446858
0 29.4 1.6871667577447595 11.401238337503434
0 29.6 1.7261801463012019 11.30916252356001
0 29.8 1.7651935348576442 11.217086709616586
0 30.0 1.8042069234140865 11.125010895673162
0 30.2 1.8432203119705288 11.032935081729738
0 30.4 1.8822337005269711 10.940859267786314
0 30.6 1.9212470890834135 10.84878345384289
0 30.8 1.9621583755604433 10.752228395663435
0 31.0 2.055725679413316 10.716941575890266
0 31.2 2.149292983266189 10.681654756117096
0 31.4 2.2428602871190617 10.646367936343927
0 31.6 2.3364275909719345 10.611081116570757
0 31.8 2.4299948948248073 10.575794296797588
0 32.0 2.52356219867768 10.540507477024418
0 32.2 2.617129502530553 10.505220657251249
0 32.4 2.710696806383426 10.469933837478079
0 32.6 2.8042641102362986 10.43464701770491
0 32.8 2.8978314140891714 10.39936019793174
0 33.0 2.9913987179420443 10.36407337815857
0 33.2 3.084966021794917 10.328786558385401
0 33.4 3.17853332564779 10.293499738612232
0 33.6 3.2721006295006627 10.258212918839062
0 33.8 3.3656679333535355 10.222926099065893
0 34.0 3.4592352372064084 10.187639279292723
0 34.2 3.552802541059281 10.152352459519554
0 34.4 3.646369844912154 10.117065639746384
0 34.6 3.739937148765027 10.081778819973215
0 34.8 3.8335044526178996 10.046492000200045
0 35.0 3.9270717564707724 10.011205180426876
0 35.2 4.020639060323645 9.975918360653706
0 35.4 4.114206364176518 9.940631540880537
0 35.6 4.2077736680293905 9.905344721107367
0 35.8 4.301340971882263 9.870057901334198
0 36.0 4.394908275735136 9.834771081561028
0 36.2 4.488475579588009 9.799484261787859
0 36.4 4.582042883440882 9.764197442014689
0 36.6 4.6756101872937545 9.72891062224152
0 36.8 4.769177491146627 9.69362380246835
0 37.0 4.8627447949995 9.65833698269518
0 37.2 4.956312098852373 9.623050162922011
0 37.4 5.049879402705246 9.587763343148842
0 37.6 5.143446706558119 9.552476523375672
0 37.8 5.2370140104109915 9.517189703602503
0 38.0 5.330581314263864 9.481902883829333
0 38.2 5.424148618116737 9.446616064056164
0 38.4 5.51771592196961 9.411329244282994
0 38.6 5.611283225822483 9.376042424509825
0 38.8 5.7048505296753556 9.340755604736655
0 39.0 5.798417833528228 9.305468784963486
0 39.2 5.891985137381101 9.270181965190316
0 39.4 5.985552441233974 9.234895145417147
0 39.6 6.079119745086847 9.199608325643977
0 39.8 6.17268704893972 9.164321505870808
0 40.0 6.2662543527925925 9.129034686097638
0 40.2 6.359821656645465 9.093747866324469
0 40.4 6.453388960498338 9.0584610465513
0 40.6 6.546956264351211 9.02317422677813
0 40.8 6.640523568204084 8.98788740700496
0 41.0 6.734090872056957 8.95260058723179
0 41.2 6.827658175909829 8.917313767458621
0 41.4 6.921225479762702 8.882026947685452
0 41.6 7.014792783615575 8.846740127912282
0 41.8 7.108360087468448 8.811453308139113
0 42.0 7.201927391321321 8.776166488365943
0 42.2 7.2954946951741935 8.740879668592774
0 42.4 7.389061999027066 8.705592848819604
0 42.6 7.482629302879939 8.670306029046435
0 42.8 7.576196606732812 8.635019209273265
0 43.0 7.669763910585685 8.599732389500096
0 43.2 7.763331214438558 8.564445569726926
0 43.4 7.85689851829143 8.529158749953757
0 43.6 7.950465822144303 8.493871930180587
0 43.8 8.044033125997176 8.458585110407418
0 44.0 8.137600429850048 8.423298290634248
0 44.2 8.23116773370292 8.388011470861079
0 44.4 8.324735037555792 8.35272465108791
0 44.6 8.418302341408664 8.31743783131474
0 44.8 8.511869645261536 8.28215101154157
0 45.0 8.605436949114408 8.2468641917684
0 45.2 8.69900425296728 8.211577371995231
0 45.4 8.792571556820151 8.176290552222062
0 45.6 8.886138860673023 8.141003732448892
0 45.8 8.979706164525895 8.105716912675723
0 46.0 9.073273468378767 8.070430092902553
0 46.2 9.16684077223164 8.035143273129384
0 46.4 9.260408076084511 7.999856453356213
0 46.6 9.353975379937383 7.964569633583043
0 46.8 9.447542683790255 7.9292828138098725
0 47.0 9.541109987643127 7.893995994036702
0 47.2 9.634677291495999 7.858709174263532
0 47.4 9.72824459534887 7.823422354490361
0 47.6 9.821811899201743 7.788135534717191
0 47.8 9.915379203054615 7.752848714944021
0 48.0 10.008946506907487 7.71756189517085
0 48.2 10.102513810760358 7.68227507539768
0 48.4 10.19608111461323 7.6469882556245095
0 48.6 10.289648418466102 7.611701435851339
0 48.8 10.383215722318974 7.576414616078169
0 49.0 10.476783026171846 7.541127796304998
0 49.2 10.570350330024718 7.505840976531828
0 49.4 10.66391763387759 7.4705541567586575
0 49.6 10.757484937730462 7.435267336985487
0 49.8 10.851052241583334 7.399980517212317
0 50.0 10.944619545436206 7.364693697439146
0 50.2 11.038186849289078 7.329406877665976
0 50.4 11.13175415314195 7.294120057892806
0 50.6 11.225321456994822 7.258833238119635
0 50.8 11.318888760847694 7.223546418346465
0 51.0 11.412456064700566 7.188259598573294
0 51.2 11.506023368553437 7.152972778800124
0 51.4 11.59959067240631 7.117685959026954
0 51.6 11.693157976259181 7.082399139253783
0 51.8 11.786725280112053 7.047112319480613
0 52.0 11.880292583964925 7.0118254997074425
0 52.2 11.973859887817797 6.976538679934272
0 52.4 12.067427191670669 6.941251860161102
0 52.6 12.160994495523541 6.905965040387931
0 52.8 12.254561799376413 6.870678220614761
0 53.0 12.348129103229285 6.835391400841591
0 53.2 12.441696407082157 6.80010458106842
0 53.4 12.535263710935029 6.76481776129525
0 53.6 12.6288310147879 6.729530941522079
0 53.8 12.722398318640773 6.694244121748909
0 54.0 12.815965622493644 6.658957301975739
0 54.2 12.909532926346516 6.623670482202568
0 54.4 13.003100230199388 6.588383662429398
0 54.6 13.09666753405226 6.5530968426562275
0 54.8 13.190234837905132 6.517810022883057
0 55.0 13.283802141758004 6.482523203109887
0 55.2 13.377369445610876 6.447236383336716
0 55.4 13.470936749463748 6.411949563563546
0 55.6 13.56450405331662 6.376662743790376
0 55.8 13.658071357169492 6.341375924017205
0 56.0 13.751638661022364 6.306089104244035
0 56.2 13.845205964875236 6.270802284470864
0 56.4 13.938773268728108 6.235515464697694
0 56.6 14.03234057258098 6.200228644924524
0 56.8 14.168802345943028 6.148765133588057
0 57.0 14.234188217217199 6.2244268004856185
0 57.2 14.299574088491369 6.30008846738318
0 57.4 14.364959959765539 6.375750134280741
0 57.6 14.430345831039709 6.451411801178303
0 57.8 14.49573170231388 6.527073468075864
0 58.0 14.56111757358805 6.602735134973425
0 58.2 14.62650344486222 6.678396801870987
0 58.4 14.69188931613639 6.754058468768548
0 58.6 14.75727518741056 6.8297201356661095
0 58.8 14.82266105868473 6.905381802563671
0 59.0 14.8880469299589 6.981043469461232
0 59.2 14.95343280123307 7.056705136358794
0 59.4 15.01881867250724 7.132366803256355
0 59.6 15.08420454378141 7.208028470153916
0 59.8 15.149590415055581 7.283690137051478
0 60.0 15.214976286329751 7.359351803949039
0 60.2 15.280362157603921 7.4350134708466005
0 60.4 15.345748028878091 7.510675137744162
0 60.6 15.411133900152262 7.586336804641723
0 60.8 15.476519771426432 7.661998471539285
0 61.0 15.541905642700602 7.737660138436846
0 61.2 15.607291513974772 7.813321805334407
0 61.4 15.672677385248942 7.888983472231969
0 61.6 15.738063256523112 7.96464513912953
0 61.8 15.803449127797283 8.040306806027091
0 62.0 15.868834999071453 8.115968472924653
0 62.2 15.934220870345623 8.191630139822214
0 62.4 15.999606741619793 8.267291806719776
0 62.6 16.064992612893963 8.342953473617337
0 62.8 16.130378484168133 8.418615140514898
0 63.0 16.195764355442304 8.49427680741246
0 63.2 16.261150226716474 8.569938474310021
0 63.4 16.326536097990644 8.645600141207582
0 63.6 16.391921969264814 8.721261808105144
0 63.8 16.457307840538984 8.796923475002705
0 64.0 16.522693711813154 8.872585141900267
0 64.2 16.588079583087325 8.948246808797828
0 64.4 16.653465454361495 9.02390847569539
0 64.6 16.718851325635665 9.09957014259295
0 64.8 16.784237196909835 9.175231809490512
0 65.0 16.849623068184005 9.250893476388073
0 65.2 16.915008939458176 9.326555143285635
0 65.4 16.980394810732346 9.402216810183196
0 65.6 17.045780682006516 9.477878477080758
0 65.8 17.111166553280686 9.553540143978319
0 66.0 17.176552424554856 9.62920181087588
0 66.2 17.241938295829026 9.704863477773442
0 66.4 17.307324167103197 9.780525144671003
0 66.6 17.372710038377367 9.856186811568564
0 66.8 17.438095909651537 9.931848478466126
0 67.0 17.503481780925707 10.007510145363687
0 67.2 17.568867652199877 10.083171812261249
0 67.4 17.634253523474047 10.15883347915881
0 67.6 17.699639394748218 10.234495146056371
0 67.8 17.765025266022388 10.310156812953933
0 68.0 17.830411137296558 10.385818479851494
0 68.2 17.895797008570728 10.461480146749055
0 68.4 17.9611828798449 10.537141813646617
0 68.6 18.02656875111907 10.612803480544178
0 68.8 18.09195462239324 10.68846514744174
0 69.0 18.15734049366741 10.764126814339301
0 69.2 18.22272636494158 10.839788481236862
0 69.4 18.28811223621575 10.915450148134424
0 69.6 18.35349810748992 10.991111815031985
0 69.8 18.41888397876409 11.066773481929546
0 70.0 18.48426985003826 11.142435148827108
0 70.2 18.54965572131243 11.21809681572467
0 70.4 18.6150415925866 11.29375848262223
0 70.6 18.68042746386077 11.369420149519792
0 70.8 18.74581333513494 11.445081816417353
0 71.0 18.81119920640911 11.520743483314915
0 71.2 18.87658507768328 11.596405150212476
0 71.4 18.94197094895745 11.672066817110037
0 71.6 19.00735682023162 11.747728484007599
0 71.8 19.09843088779476 11.853115406727849
0 72.0 18.998431042555076 11.853291338644526
0 72.2 18.898431197315393 11.853467270561204
0 72.4 18.79843135207571 11.853643202477882
0 72.6 18.698431506836027 11.85381913439456
0 72.8 18.598431661596344 11.853995066311237
0 73.0 18.49843181635666 11.854170998227914
0 73.2 18.398431971116977 11.854346930144592
0 73.4 18.298432125877294 11.85452286206127
0 73.6 18.19843228063761 11.854698793977947
0 73.8 18.09843243539793 11.854874725894625
0 74.0 17.998432590158245 11.855050657811303
0 74.2 17.898432744918562 11.85522658972798
0 74.4 17.79843289967888 11.855402521644658
0 74.6 17.698433054439196 11.855578453561336
0 74.8 17.598433209199513 11.855754385478013
0 75.0 17.49843336395983 11.85593031739469
0 75.2 17.398433518720147 11.856106249311368
0 75.4 17.298433673480464 11.856282181228046
0 75.6 17.19843382824078 11.856458113144724
0 75.8 17.098433983001097 11.856634045061401
0 76.0 16.998434137761414 11.856809976978079
0 76.2 16.89843429252173 11.856985908894757
0 76.4 16.798434447282048 11.857161840811434
0 76.6 16.698434602042365 11.857337772728112
0 76.8 16.598434756802682 11.85751370464479
0 77.0 16.498434911563 11.857689636561467
0 77.2 16.398435066323316 11.857865568478145
0 77.4 16.298435221083633 11.858041500394823
0 77.6 16.19843537584395 11.8582174323115
0 77.8 16.098435530604267 11.858393364228178
0 78.0 15.998435685364583 11.858569296144855
0 78.2 15.8984358401249 11.858745228061533
0 78.4 15.798435994885217 11.85892115997821
0 78.6 15.698436149645534 11.859097091894888
0 78.8 15.598436304405851 11.859273023811566
0 79.0 15.498436459166168 11.859448955728244
0 79.2 15.398436613926485 11.859624887644921
0 79.4 15.298436768686802 11.859800819561599
0 79.6 15.198436923447119 11.859976751478277
0 79.8 15.098437078207436 11.860152683394954
0 80.0 14.998437232967753 11.860328615311632
0 80.2 14.89843738772807 11.86050454722831
0 80.4 14.798437542488386 11.860680479144987
0 80.6 14.698437697248703 11.860856411061665
0 80.8 14.59843785200902 11.861032342978342
0 81.0 14.498438006769337 11.86120827489502
0 81.2 14.398438161529654 11.861384206811698
0 81.4 14.298438316289971 11.861560138728375
0 81.6 14.198438471050288 11.861736070645053
0 81.8 14.098438625810605 11.86191200256173
0 82.0 13.998438780570922 11.862087934478408
0 82.2 13.898438935331239 11.862263866395086
0 82.4 13.798439090091556 11.862439798311764
0 82.6 13.698439244851873 11.862615730228441
0 82.8 13.59843939961219 11.862791662145119
0 83.0 13.498439554372506 11.862967594061796
0 83.2 13.398439709132823 11.863143525978474
0 83.4 13.29843986389314 11.863319457895152
0 83.6 13.198440018653457 11.86349538981183
0 83.8 13.098440173413774 11.863671321728507
0 84.0 12.998440328174091 11.863847253645185
0 84.2 12.898440482934408 11.864023185561862
0 84.4 12.798440637694725 11.86419911747854
0 84.6 12.698440792455042 11.864375049395218
0 84.8 12.598440947215359 11.864550981311895
0 85.0 12.498441101975676 11.864726913228573
0 85.2 12.398441256735993 11.86490284514525
0 85.4 12.29844141149631 11.865078777061928
0 85.6 12.198441566256626 11.865254708978606
0 85.8 12.098441721016943 11.865430640895283
0 86.0 11.99844187577726 11.865606572811961
0 86.2 11.898442030537577 11.865782504728639
0 86.4 11.798442185297894 11.865958436645316
0 86.6 11.698442340058211 11.866134368561994
0 86.8 11.598442494818528 11.866310300478672
0 87.0 11.498442649578845 11.86648623239535
0 87.2 11.398442804339162 11.866662164312027
0 87.4 11.298442959099479 11.866838096228705
0 87.6 11.198443113859796 11.867014028145382
0 87.8 11.098443268620112 11.86718996006206
0 88.0 10.99844342338043 11.867365891978737
0 88.2 10.898443578140746 11.867541823895415
0 88.4 10.798443732901063 11.867717755812093
0 88.6 10.69844388766138 11.86789368772877
0 88.8 10.598444042421697 11.868069619645448
0 89.0 10.498444197182014 11.868245551562126
0 89.2 10.39844435194233 11.868421483478803
0 89.4 10.298444506702648 11.868597415395481
0 89.6 10.198444661462965 11.868773347312159
0 89.8 10.098444816223282 11.868949279228836
0 90.0 9.998444970983599 11.869125211145514
0 90.2 9.898445125743915 11.869301143062192
0 90.4 9.798445280504232 11.86947707497887
0 90.6 9.69844543526455 11.869653006895547
0 90.8 9.598445590024866 11.869828938812224
0 91.0 9.498445744785183 11.870004870728902
0 91.2 9.3984458995455 11.87018080264558
0 91.4 9.298446054305817 11.870356734562257
0 91.6 9.198446209066134 11.870532666478935
0 91.8 9.09844636382645 11.870708598395613
0 92.0 8.998446518586768 11.87088453031229
0 92.2 8.898446673347085 11.871060462228968
0 92.4 8.798446828107402 11.871236394145646
0 92.6 8.698446982867718 11.871412326062323
0 92.8 8.598447137628035 11.871588257979
0 93.0 8.498447292388352 11.871764189895678
0 93.2 8.39844744714867 11.871940121812356
0 93.4 8.298447601908986 11.872116053729034
0 93.6 8.198447756669303 11.872291985645711
0 93.8 8.09844791142962 11.872467917562389
0 94.0 7.998448066189936 11.872643849479067
0 94.2 7.898448220950252 11.872819781395744
0 94.4 7.798448375710568 11.872995713312422
0 94.6 7.698448530470884 11.8731716452291
0 94.8 7.5984486852312 11.873347577145777
0 95.0 7.498448839991516 11.873523509062455
0 95.2 7.398448994751832 11.873699440979133
0 95.4 7.298449149512148 11.87387537289581
0 95.6 7.198449304272464 11.874051304812488
0 95.8 7.09844945903278 11.874227236729165
0 96.0 6.998449613793096 11.874403168645843
0 96.2 6.898449768553412 11.87457910056252
0 96.4 6.798449923313728 11.874755032479198
0 96.6 6.698450078074044 11.874930964395876
0 96.8 6.59845023283436 11.875106896312554
0 97.0 6.498450387594676 11.875282828229231
0 97.2 6.398450542354992 11.875458760145909
0 97.4 6.2984506971153085 11.875634692062587
0 97.6 6.1984508518756245 11.875810623979264
0 97.8 6.0984510066359405 11.875986555895942
0 98.0 5.998451161396257 11.87616248781262
0 98.2 5.898451316156573 11.876338419729297
0 98.4 5.798451470916889 11.876514351645975
0 98.6 5.698451625677205 11.876690283562652
0 98.8 5.598451780437521 11.87686621547933
0 99.0 5.498451935197837 11.877042147396008
0 99.2 5.398452089958153 11.877218079312685
0 99.4 5.298452244718469 11.877394011229363
0 99.6 5.198452399478785 11.87756994314604
0 99.8 5.098452554239101 11.877745875062718
0 100.0 4.998452708999417 11.877921806979396
0 100.2 4.898452863759733 11.878097738896074
0 100.4 4.798453018520049 11.878273670812751
0 100.6 4.698453173280365 11.878449602729429
0 100.8 4.598453328040681 11.878625534646106
0 101.0 4.498453482800997 11.878801466562784
0 101.2 4.398453637561313 11.878977398479462
0 101.4 4.298453792321629 11.87915333039614
0 101.6 4.198453947081945 11.879329262312817
0 101.8 4.098454101842261 11.879505194229495
0 102.0 3.9984542566025776 11.879681126146172
0 102.2 3.898454411362894 11.87985705806285
0 102.4 3.7984545661232105 11.880032989979528
0 102.6 3.698454720883527 11.880208921896205
0 102.8 3.5984548756438435 11.880384853812883
0 103.0 3.49845503040416 11.88056078572956
0 103.2 3.3984551851644764 11.880736717646238
0 103.4 3.298455339924793 11.880912649562916
0 103.6 3.1984554946851094 11.881088581479593
0 103.8 3.098455649445426 11.881264513396271
0 104.0 2.9984558042057423 11.881440445312949
0 104.2 2.898455958966059 11.881616377229626
0 104.4 2.7984561137263753 11.881792309146304
0 104.6 2.6984562684866917 11.881968241062982
0 104.8 2.598456423247008 11.88214417297966
0 105.0 2.4984565780073247 11.882320104896337
0 105.2 2.398456732767641 11.882496036813015
0 105.4 2.2984568875279576 11.882671968729692
0 105.6 2.198457042288274 11.88284790064637
0 105.8 2.0984571970485906 11.883023832563048
0 106.0 1.9984573518089068 11.883199764479725
0 106.2 1.898457506569223 11.883375696396403
0 106.4 1.7984576613295393 11.88355162831308
0 106.6 1.6984578160898556 11.883727560229758
0 106.8 1.5984579708501718 11.883903492146436
0 107.0 1.498458125610488 11.884079424063113
0 107.2 1.3984582803708043 11.884255355979791
0 107.4 1.2984584351311206 11.884431287896469
0 107.6 1.1984585898914368 11.884607219813146
0 107.8 1.098458744651753 11.884783151729824
0 108.0 0.9984588994120693 11.884959083646502
0 108.2 0.8313062799974524 11.885253158908881
0 108.4 0.9259601685844808 11.852994185345631
0 108.6 1.0206140571715092 11.820735211782381
0 108.8 1.1152679457585375 11.78847623821913
0 109.0 1.2099218343455658 11.75621726465588
0 109.2 1.304575722932594 11.72395829109263
0 109.4 1.3992296115196223 11.69169931752938
0 109.6 1.4938835001066506 11.65944034396613
0 109.8 1.5885373886936789 11.62718137040288
0 110.0 1.6831912772807072 11.59492239683963
0 110.2 1.7778451658677354 11.56266342327638
0 110.4 1.8724990544547637 11.53040444971313
0 110.6 1.967152943041792 11.49814547614988
0 110.8 2.0618068316288203 11.46588650258663
0 111.0 2.156460720215849 11.43362752902338
0 111.2 2.2511146088028773 11.40136855546013
0 111.4 2.345768497389906 11.369109581896879
0 111.6 2.4404223859769343 11.336850608333629
0 111.8 2.535076274563963 11.304591634770379
0 112.0 2.6297301631509913 11.272332661207129
0 112.2 2.72438405173802 11.240073687643878
0 112.4 2.8190379403250483 11.207814714080628
0 112.6 2.913691828912077 11.175555740517378
0 112.8 3.0083457174991053 11.143296766954128
0 113.0 3.102999606086134 11.111037793390878
0 113.2 3.1976534946731623 11.078778819827628
0 113.4 3.292307383260191 11.046519846264378
0 113.6 3.3869612718472193 11.014260872701128
0 113.8 3.481615160434248 10.982001899137877
0 114.0 3.5762690490212763 10.949742925574627
0 114.2 3.670922937608305 10.917483952011377
0 114.4 3.7655768261953333 10.885224978448127
0 114.6 3.860230714782362 10.852966004884877
0 114.8 3.9548846033693903 10.820707031321627
0 115.0 4.049538491956419 10.788448057758377
0 115.2 4.144192380543447 10.756189084195126
0 115.4 4.238846269130475 10.723930110631876
0 115.6 4.333500157717503 10.691671137068626
0 115.8 4.428154046304531 10.659412163505376
0 116.0 4.522807934891559 10.627153189942126
0 116.2 4.617461823478587 10.594894216378876
0 116.4 4.712115712065615 10.562635242815626
0 116.6 4.806769600652643 10.530376269252375
0 116.8 4.901423489239671 10.498117295689125
0 117.0 4.996077377826699 10.465858322125875
0 117.2 5.090731266413727 10.433599348562625
0 117.4 5.1853851550007555 10.401340374999375
0 117.6 5.2800390435877835 10.369081401436125
0 117.8 5.374692932174812 10.336822427872875
0 118.0 5.46934682076184 10.304563454309625
0 118.2 5.564000709348868 10.272304480746374
0 118.4 5.658654597935896 10.240045507183124
0 118.6 5.753308486522924 10.207786533619874
0 118.8 5.847962375109952 10.175527560056624
0 119.0 5.94261626369698 10.143268586493374
0 119.2 6.037270152284008 10.111009612930124
0 119.4 6.131924040871036 10.078750639366874
0 119.6 6.226577929458064 10.046491665803623
0 119.8 6.321231818045092 10.014232692240373
0 120.0 6.41588570663212 9.981973718677123
0 120.2 6.510539595219148 9.949714745113873
0 120.4 6.605193483806176 9.917455771550623
0 120.6 6.699847372393204 9.885196797987373
0 120.8 6.794501260980232 9.852937824424123
0 121.0 6.8891551495672605 9.820678850860872
0 121.2 6.9838090381542886 9.788419877297622
0 121.4 7.078462926741317 9.756160903734372
0 121.6 7.173116815328345 9.723901930171122
0 121.8 7.267770703915373 9.691642956607872
0 122.0 7.362424592502401 9.659383983044622
0 122.2 7.457078481089429 9.627125009481372
0 122.4 7.551732369676457 9.594866035918121
0 122.6 7.646386258263485 9.562607062354871
0 122.8 7.741040146850513 9.530348088791621
0 123.0 7.835694035437541 9.498089115228371
0 123.2 7.930347924024569 9.465830141665121
0 123.4 8.025001812611597 9.43357116810187
0 123.6 8.119655701198626 9.40131219453862
0 123.8 8.214309589785655 9.36905322097537
0 124.0 8.308963478372684 9.33679424741212
0 124.2 8.403617366959713 9.30453527384887
0 124.4 8.498271255546742 9.27227630028562
0 124.6 8.59292514413377 9.24001732672237
0 124.8 8.6875790327208 9.20775835315912
0 125.0 8.782232921307829 9.17549937959587
0 125.2 8.876886809894858 9.14324040603262
0 125.4 8.971540698481887 9.11098143246937
0 125.6 9.066194587068916 9.07872245890612
0 125.8 9.160848475655945 9.04646348534287
0 126.0 9.255502364242973 9.014204511779619
0 126.2 9.350156252830002 8.981945538216369
0 126.4 9.444810141417031 8.949686564653119
0 126.6 9.53946403000406 8.917427591089869
0 126.8 9.63411791859109 8.885168617526618
0 127.0 9.728771807178118 8.852909643963368
0 127.2 9.823425695765147 8.820650670400118
0 127.4 9.918079584352176 8.788391696836868
0 127.6 10.012733472939205 8.756132723273618
0 127.8 10.107387361526234 8.723873749710368
0 128.0 10.202041250113263 8.691614776147118
0 128.2 10.296695138700292 8.659355802583868
0 128.4 10.39134902728732 8.627096829020617
0 128.6 10.48600291587435 8.594837855457367
0 128.8 10.580656804461379 8.562578881894117
0 129.0 10.675310693048408 8.530319908330867
0 129.2 10.769964581635437 8.498060934767617
0 129.4 10.864618470222466 8.465801961204367
0 129.6 10.959272358809494 8.433542987641117
0 129.8 11.053926247396523 8.401284014077866
0 130.0 11.148580135983552 8.369025040514616
0 130.2 11.243234024570581 8.336766066951366
0 130.4 11.33788791315761 8.304507093388116
0 130.6 11.43254180174464 8.272248119824866
0 130.8 11.527195690331668 8.239989146261616
0 131.0 11.621849578918697 8.207730172698366
0 131.2 11.716503467505726 8.175471199135115
0 131.4 11.867072551660344 8.124155778525495
0 131.6 11.779700254614932 8.075513392595031
0 131.8 11.69232795756952 8.026871006664567
0 132.0 11.604955660524107 7.978228620734105
0 132.2 11.517583363478694 7.929586234803642
0 132.4 11.430211066433282 7.880943848873179
0 132.6 11.34283876938787 7.832301462942716
0 132.8 11.255466472342457 7.783659077012254
0 133.0 11.168094175297044 7.735016691081791
0 133.2 11.080721878251632 7.686374305151328
0 133.4 10.99334958120622 7.637731919220865
0 133.6 10.905977284160807 7.5890895332904025
0 133.8 10.818604987115394 7.54044714735994
0 134.0 10.731232690069982 7.491804761429477
0 134.2 10.64386039302457 7.443162375499014
0 134.4 10.556488095979157 7.394519989568551
0 134.6 10.469115798933744 7.345877603638089
0 134.8 10.381743501888332 7.297235217707626
0 135.0 10.29437120484292 7.248592831777163
0 135.2 10.206998907797507 7.1999504458467
0 135.4 10.119626610752094 7.1513080599162375
0 135.6 10.032254313706682 7.102665673985775
0 135.8 9.94488201666127 7.054023288055312
0 136.0 9.857509719615857 7.005380902124849
0 136.2 9.770137422570444 6.956738516194386
0 136.4 9.682765125525032 6.908096130263924
0 136.6 9.59539282847962 6.859453744333461
0 136.8 9.508020531434207 6.810811358402998
0 137.0 9.420648234388795 6.762168972472535
0 137.2 9.333275937343382 6.713526586542073
0 137.4 9.24590364029797 6.66488420061161
0 137.6 9.158531343252557 6.616241814681147
0 137.8 9.071159046207145 6.567599428750684
0 138.0 8.983786749161732 6.5189570428202215
0 138.2 8.89641445211632 6.470314656889759
0 138.4 8.809042155070907 6.421672270959296
0 138.6 8.721669858025495 6.373029885028833
0 138.8 8.634297560980082 6.32438749909837
0 139.0 8.54692526393467 6.275745113167908
0 139.2 8.459552966889257 6.227102727237445
0 139.4 8.372180669843845 6.178460341306982
0 139.6 8.284808372798432 6.129817955376519
0 139.8 8.19743607575302 6.0811755694460565
0 140.0 8.110063778707607 6.032533183515594
0 140.2 8.022691481662195 5.983890797585131
0 140.4 7.858928646149261 5.892719850780949
0 140.6 7.829210630785591 5.988201993419479
0 140.8 7.79949261542192 6.083684136058009
0 141.0 7.76977460005825 6.179166278696539
0 141.2 7.74005658469458 6.274648421335069
0 141.4 7.71033856933091 6.370130563973599
0 141.6 7.680620553967239 6.465612706612129
0 141.8 7.650902538603569 6.561094849250659
0 142.0 7.621184523239899 6.656576991889189
0 142.2 7.591466507876229 6.752059134527719
0 142.4 7.561748492512558 6.847541277166249
0 142.6 7.532030477148888 6.943023419804779
0 142.8 7.502312461785218 7.038505562443309
0 143.0 7.472594446421548 7.1339877050818385
0 143.2 7.442876431057877 7.2294698477203685
0 143.4 7.413158415694207 7.324951990358898
0 143.6 7.383440400330537 7.420434132997428
0 143.8 7.353722384966867 7.515916275635958
0 144.0 7.3240043696031965 7.611398418274488
0 144.2 7.294286354239526 7.706880560913018
0 144.4 7.264568338875856 7.802362703551548
0 144.6 7.234850323512186 7.897844846190078
0 144.8 7.2051323081485155 7.993326988828608
0 145.0 7.175414292784845 8.088809131467139
0 145.2 7.145696277421175 8.18429127410567
0 145.4 7.115978262057505 8.2797734167442
0 145.6 7.0862602466938345 8.375255559382731
0 145.8 7.056542231330164 8.470737702021262
0 146.0 7.026824215966494 8.566219844659793
0 146.2 6.997106200602824 8.661701987298324
0 146.4 6.9673881852391535 8.757184129936855
0 146.6 6.937670169875483 8.852666272575386
0 146.8 6.907952154511813 8.948148415213916
0 147.0 6.878234139148143 9.043630557852447
0 147.2 6.8485161237844725 9.139112700490978
0 147.4 6.818798108420802 9.234594843129509
0 147.6 6.789080093057132 9.33007698576804
0 147.8 6.759362077693462 9.42555912840657
0 148.0 6.7296440623297915 9.521041271045101
0 148.2 6.699926046966121 9.616523413683632
0 148.4 6.670208031602451 9.712005556322163
0 148.6 6.640490016238781 9.807487698960694
0 148.8 6.6107720008751105 9.902969841599225
0 149.0 6.58105398551144 9.998451984237755
0 149.2 6.55133597014777 10.093934126876286
0 149.4 6.5216179547841 10.189416269514817
0 149.6 6.4918999394204295 10.284898412153348
0 149.8 6.462181924056759 10.380380554791879
0 150.0 6.432463908693089 10.47586269743041
0 150.2 6.402745893329419 10.57134484006894
0 150.4 6.3730278779657485 10.666826982707471
0 150.6 6.343309862602078 10.762309125346002
0 150.8 6.313591847238408 10.857791267984533
0 151.0 6.283873831874738 10.953273410623064
0 151.2 6.254155816511068 11.048755553261595
0 151.4 6.224437801147397 11.144237695900125
0 151.6 6.194719785783727 11.239719838538656
0 151.8 6.165001770420057 11.335201981177187
0 152.0 6.135283755056387 11.430684123815718
0 152.2 6.105565739692716 11.526166266454249
0 152.4 6.075847724329046 11.62164840909278
0 152.6 6.046129708965376 11.71713055173131
0 152.8 6.016411693601706 11.812612694369841
0 153.0 5.986693678238035 11.908094837008372
0 153.2 5.956975662874365 12.003576979646903
0 153.4 5.927257647510695 12.099059122285434
0 153.6 5.897539632147025 12.194541264923965
0 153.8 5.867821616783354 12.290023407562495
0 154.0 5.838103601419684 12.385505550201026
0 154.2 5.808385586056014 12.480987692839557
0 154.4 5.778667570692344 12.576469835478088
0 154.6 5.748949555328673 12.671951978116619
0 154.8 5.719231539965003 12.76743412075515
0 155.0 5.689513524601333 12.86291626339368
0 155.2 5.659795509237663 12.958398406032211
0 155.4 5.630077493873992 13.053880548670742
0 155.6 5.600359478510322 13.149362691309273
0 155.8 5.570641463146652 13.244844833947804
0 156.0 5.540923447782982 13.340326976586335
0 156.2 5.511205432419311 13.435809119224865
0 156.4 5.481487417055641 13.531291261863396
0 156.6 5.44522693948728 13.647793930327417
0 156.8 5.5131992498201114 13.574447048812132
0 157.0 5.581171560152943 13.501100167296848
0 157.2 5.649143870485775 13.427753285781563
0 157.4 5.717116180818606 13.354406404266278
0 157.6 5.785088491151438 13.281059522750994
0 157.8 5.853060801484269 13.207712641235709
0 158.0 5.921033111817101 13.134365759720424
0 158.2 5.9890054221499325 13.06101887820514
0 158.4 6.056977732482764 12.987671996689855
0 158.6 6.124950042815596 12.91432511517457
0 158.8 6.192922353148427 12.840978233659285
0 159.0 6.260894663481259 12.767631352144
0 159.2 6.32886697381409 12.694284470628716
0 159.4 6.396839284146922 12.620937589113431
0 159.6 6.4648115944797535 12.547590707598147
0 159.8 6.532783904812585 12.474243826082862
