2 0 12.476894758 15.5184544949
3 0 17.5943602569 13.3011465069
4 0 13.6635479768 6.45892100911
5 0 15.81380466 6.13873286081
6 0 9.4740505883 14.1099086178
1 0 10 10
0 0.0 8.768946879137255 1.053026326513427
0 0.2 8.668946882419583 1.0530519480975977
0 0.4 8.56894688570191 1.0530775696817685
0 0.6 8.468946888984238 1.0531031912659392
0 0.8 8.368946892266566 1.05312881285011
0 1.0 8.268946895548893 1.0531544344342807
0 1.2 8.168946898831221 1.0531800560184514
0 1.4 8.068946902113549 1.0532056776026222
0 1.6 7.968946905395876 1.053231299186793
0 1.8 7.868946908678204 1.0532569207709637
0 2.0 7.768946911960532 1.0532825423551344
0 2.2 7.668946915242859 1.0533081639393052
0 2.4 7.568946918525187 1.053333785523476
0 2.6 7.468946921807515 1.0533594071076466
0 2.8 7.368946925089842 1.0533850286918174
0 3.0 7.26894692837217 1.0534106502759881
0 3.2 7.168946931654498 1.0534362718601589
0 3.4 7.068946934936825 1.0534618934443296
0 3.6 6.968946938219153 1.0534875150285004
0 3.8 6.8689469415014806 1.053513136612671
0 4.0 6.768946944783808 1.0535387581968418
0 4.2 6.668946948066136 1.0535643797810126
0 4.4 6.5689469513484635 1.0535900013651833
0 4.6 6.468946954630791 1.053615622949354
0 4.8 6.368946957913119 1.0536412445335248
0 5.0 6.2689469611954465 1.0536668661176956
0 5.2 6.168946964477774 1.0536924877018663
0 5.4 6.068946967760102 1.053718109286037
0 5.6 5.968946971042429 1.0537437308702078
0 5.8 5.868946974324757 1.0537693524543785
0 6.0 5.768946977607085 1.0537949740385493
0 6.2 5.668946980889412 1.05382059562272
0 6.4 5.56894698417174 1.0538462172068908
0 6.6 5.468946987454068 1.0538718387910615
0 6.8 5.368946990736395 1.0538974603752322
0 7.0 5.268946994018723 1.053923081959403
0 7.2 5.168946997301051 1.0539487035435737
0 7.4 5.068947000583378 1.0539743251277445
0 7.6 4.968947003865706 1.0539999467119152
0 7.8 4.868947007148034 1.054025568296086
0 8.0 4.768947010430361 1.0540511898802567
0 8.2 4.668947013712689 1.0540768114644274
0 8.4 4.568947016995017 1.0541024330485982
0 8.6 4.468947020277344 1.054128054632769
0 8.8 4.368947023559672 1.0541536762169397
0 9.0 4.268947026842 1.0541792978011104
0 9.2 4.168947030124327 1.0542049193852812
0 9.4 4.068947033406655 1.054230540969452
0 9.6 3.968947036688983 1.0542561625536226
0 9.8 3.868947039971311 1.0542817841377934
0 10.0 3.768947043253639 1.0543074057219641
0 10.2 3.6689470465359673 1.0543330273061349
0 10.4 3.5689470498182954 1.0543586488903056
0 10.6 3.4689470531006235 1.0543842704744764
0 10.8 3.3689470563829516 1.054409892058647
0 11.0 3.2689470596652797 1.0544355136428178
0 11.2 3.1689470629476078 1.0544611352269886
0 11.4 3.045590910078868 1.0544927410285676
0 11.6 3.1084767794939 1.1322447019550648
0 11.8 3.171362648908932 1.209996662881562
0 12.0 3.234248518323964 1.287748623808059
0 12.2 3.2971343877389963 1.3655005847345563
0 12.4 3.3600202571540283 1.4432525456610534
0 12.6 3.4229061265690603 1.5210045065875506
0 12.8 3.4857919959840924 1.5987564675140478
0 13.0 3.5486778653991244 1.676508428440545
0 13.2 3.6115637348141565 1.754260389367042
0 13.4 3.6744496042291885 1.8320123502935393
0 13.6 3.7373354736442206 1.9097643112200364
0 13.8 3.8002213430592526 1.9875162721465336
0 14.0 3.8631072124742847 2.0652682330730308
0 14.2 3.9259930818893167 2.143020193999528
0 14.4 3.9888789513043488 2.220772154926025
0 14.6 4.051764820719381 2.2985241158525223
0 14.8 4.114650690134413 2.3762760767790194
0 15.0 4.177536559549445 2.4540280377055166
0 15.2 4.240422428964477 2.5317799986320138
0 15.4 4.303308298379509 2.609531959558511
0 15.6 4.366194167794541 2.687283920485008
0 15.8 4.429080037209573 2.7650358814115052
0 16.0 4.491965906624605 2.8427878423380024
0 16.2 4.554851776039637 2.9205398032644996
0 16.4 4.617737645454669 2.9982917641909967
0 16.6 4.680623514869701 3.076043725117494
0 16.8 4.743509384284733 3.153795686043991
0 17.0 4.806395253699765 3.2315476469704882
0 17.2 4.869281123114797 3.3092996078969854
0 17.4 4.9321669925298295 3.3870515688234826
0 17.6 4.9950528619448615 3.4648035297499797
0 17.8 5.057938731359894 3.542555490676477
0 18.0 5.120824600774926 3.620307451602974
0 18.2 5.183710470189958 3.6980594125294712
0 18.4 5.24659633960499 3.7758113734559684
0 18.6 5.309482209020022 3.8535633343824656
0 18.8 5.372368078435054 3.9313152953089627
0 19.0 5.435253947850086 4.00906725623546
0 19.2 5.498139817265118 4.086819217161958
0 19.4 5.56102568668015 4.164571178088456
0 19.6 5.623911556095182 4.242323139014953
0 19.8 5.686797425510214 4.320075099941451
0 20.0 5.749683294925246 4.397827060867948
0 20.2 5.812569164340278 4.475579021794446
0 20.4 5.87545503375531 4.553330982720944
0 20.6 5.938340903170342 4.631082943647441
0 20.8 6.001226772585374 4.708834904573939
0 21.0 6.064112642000406 4.786586865500436
0 21.2 6.126998511415438 4.864338826426934
0 21.4 6.18988438083047 4.942090787353432
0 21.6 6.2527702502455025 5.019842748279929
0 21.8 6.3156561196605345 5.097594709206427
0 22.0 6.378541989075567 5.1753466701329245
0 22.2 6.441427858490599 5.253098631059422
0 22.4 6.504313727905631 5.33085059198592
0 22.6 6.567199597320663 5.408602552912417
0 22.8 6.630085466735695 5.486354513838915
0 23.0 6.692971336150727 5.5641064747654125
0 23.2 6.755857205565759 5.64185843569191
0 23.4 6.818743074980791 5.719610396618408
0 23.6 6.881628944395823 5.797362357544905
0 23.8 6.944514813810855 5.875114318471403
0 24.0 7.007400683225887 5.952866279397901
0 24.2 7.070286552640919 6.030618240324398
0 24.4 7.133172422055951 6.108370201250896
0 24.6 7.196058291470983 6.186122162177393
0 24.8 7.258944160886015 6.263874123103891
0 25.0 7.321830030301047 6.341626084030389
0 25.2 7.384715899716079 6.419378044956886
0 25.4 7.447601769131111 6.497130005883384
0 25.6 7.510487638546143 6.5748819668098815
0 25.8 7.5733735079611755 6.652633927736379
0 26.0 7.6362593773762075 6.730385888662877
0 26.2 7.69914524679124 6.808137849589374
0 26.4 7.762031116206272 6.885889810515872
0 26.6 7.824916985621304 6.9636417714423695
0 26.8 7.887802855036336 7.041393732368867
0 27.0 7.950688724451368 7.119145693295365
0 27.2 8.0135745938664 7.196897654221862
0 27.4 8.076460463281432 7.27464961514836
0 27.6 8.139346332696464 7.352401576074858
0 27.8 8.202232202111496 7.430153537001355
0 28.0 8.265118071526528 7.507905497927853
0 28.2 8.32800394094156 7.58565745885435
0 28.4 8.390889810356592 7.663409419780848
0 28.6 8.453775679771624 7.741161380707346
0 28.8 8.516661549186656 7.818913341633843
0 29.0 8.579547418601688 7.896665302560341
0 29.2 8.64243328801672 7.974417263486838
0 29.4 8.705319157431752 8.052169224413335
0 29.6 8.768205026846784 8.129921185339832
0 29.8 8.831090896261816 8.207673146266329
0 30.0 8.893976765676848 8.285425107192825
0 30.2 8.95686263509188 8.363177068119322
0 30.4 9.019748504506913 8.440929029045819
0 30.6 9.082634373921945 8.518680989972315
0 30.8 9.145520243336977 8.596432950898812
0 31.0 9.208406112752009 8.674184911825309
0 31.2 9.27129198216704 8.751936872751806
0 31.4 9.334177851582073 8.829688833678302
0 31.6 9.397063720997105 8.907440794604799
0 31.8 9.459949590412137 8.985192755531296
0 32.0 9.522835459827169 9.062944716457793
0 32.2 9.585721329242201 9.14069667738429
0 32.4 9.648607198657233 9.218448638310786
0 32.6 9.711493068072265 9.296200599237283
0 32.8 9.774378937487297 9.37395256016378
0 33.0 9.83726480690233 9.451704521090276
0 33.2 9.900150676317361 9.529456482016773
0 33.4 9.963036545732393 9.60720844294327
0 33.6 10.025922415147425 9.684960403869766
0 33.8 10.088808284562457 9.762712364796263
0 34.0 10.15169415397749 9.84046432572276
0 34.2 10.214580023392521 9.918216286649256
0 34.4 10.277465892807554 9.995968247575753
0 34.6 10.340351762222586 10.07372020850225
0 34.8 10.403237631637618 10.151472169428747
0 35.0 10.46612350105265 10.229224130355243
0 35.2 10.529009370467682 10.30697609128174
0 35.4 10.591895239882714 10.384728052208237
0 35.6 10.654781109297746 10.462480013134734
0 35.8 10.717666978712778 10.54023197406123
0 36.0 10.78055284812781 10.617983934987727
0 36.2 10.843438717542842 10.695735895914224
0 36.4 10.906324586957874 10.77348785684072
0 36.6 10.969210456372906 10.851239817767217
0 36.8 11.032096325787938 10.928991778693714
0 37.0 11.09498219520297 11.00674373962021
0 37.2 11.157868064618002 11.084495700546707
0 37.4 11.220753934033034 11.162247661473204
0 37.6 11.283639803448066 11.2399996223997
0 37.8 11.346525672863098 11.317751583326197
0 38.0 11.40941154227813 11.395503544252694
0 38.2 11.472297411693162 11.473255505179191
0 38.4 11.535183281108194 11.551007466105688
0 38.6 11.598069150523227 11.628759427032184
0 38.8 11.660955019938259 11.706511387958681
0 39.0 11.72384088935329 11.784263348885178
0 39.2 11.786726758768323 11.862015309811675
0 39.4 11.849612628183355 11.939767270738171
0 39.6 11.912498497598387 12.017519231664668
0 39.8 11.975384367013419 12.095271192591165
0 40.0 12.03827023642845 12.173023153517661
0 40.2 12.101156105843483 12.250775114444158
0 40.4 12.164041975258515 12.328527075370655
0 40.6 12.226927844673547 12.406279036297152
0 40.8 12.289813714088579 12.484030997223648
0 41.0 12.352699583503611 12.561782958150145
0 41.2 12.415585452918643 12.639534919076642
0 41.4 12.478471322333675 12.717286880003138
0 41.6 12.541357191748707 12.795038840929635
0 41.8 12.60424306116374 12.872790801856132
0 42.0 12.667128930578771 12.950542762782629
0 42.2 12.730014799993803 13.028294723709125
0 42.4 12.792900669408835 13.106046684635622
0 42.6 12.855786538823867 13.183798645562119
0 42.8 12.9186724082389 13.261550606488616
0 43.0 12.981558277653932 13.339302567415112
0 43.2 13.044444147068964 13.417054528341609
0 43.4 13.107330016483996 13.494806489268106
0 43.6 13.170215885899028 13.572558450194602
0 43.8 13.23310175531406 13.650310411121099
0 44.0 13.295987624729092 13.728062372047596
0 44.2 13.358873494144124 13.805814332974093
0 44.4 13.421759363559156 13.88356629390059
0 44.6 13.484645232974188 13.961318254827086
0 44.8 13.54753110238922 14.039070215753583
0 45.0 13.610416971804252 14.11682217668008
0 45.2 13.673302841219284 14.194574137606576
0 45.4 13.736188710634316 14.272326098533073
0 45.6 13.799074580049348 14.35007805945957
0 45.8 13.86196044946438 14.427830020386066
0 46.0 13.924846318879412 14.505581981312563
0 46.2 13.987732188294444 14.58333394223906
0 46.4 14.050618057709476 14.661085903165556
0 46.6 14.113503927124508 14.738837864092053
0 46.8 14.17638979653954 14.81658982501855
0 47.0 14.239275665954573 14.894341785945047
0 47.2 14.302161535369605 14.972093746871543
0 47.4 14.365047404784637 15.04984570779804
0 47.6 14.427933274199669 15.127597668724537
0 47.8 14.4908191436147 15.205349629651034
0 48.0 14.553705013029733 15.28310159057753
0 48.2 14.616590882444765 15.360853551504027
0 48.4 14.679476751859797 15.438605512430524
0 48.6 14.742362621274829 15.51635747335702
0 48.8 14.805248490689861 15.594109434283517
0 49.0 14.868134360104893 15.671861395210014
0 49.2 14.931020229519925 15.74961335613651
0 49.4 14.993906098934957 15.827365317063007
0 49.6 15.05679196834999 15.905117277989504
0 49.8 15.119677837765021 15.982869238916
0 50.0 15.182563707180053 16.060621199842497
0 50.2 15.245449576595085 16.138373160768996
0 50.4 15.308335446010117 16.216125121695494
0 50.6 15.37122131542515 16.293877082621993
0 50.8 15.434107184840181 16.37162904354849
0 51.0 15.496993054255213 16.44938100447499
0 51.2 15.559878923670245 16.52713296540149
0 51.4 15.622764793085278 16.604884926327987
0 51.6 15.68565066250031 16.682636887254485
0 51.8 15.748536531915342 16.760388848180984
0 52.0 15.811422401330374 16.838140809107482
0 52.2 15.874308270745406 16.91589277003398
0 52.4 15.937194140160438 16.99364473096048
0 52.6 16.00008000957547 17.071396691886978
0 52.8 16.0629658789905 17.149148652813476
0 53.0 16.12585174840553 17.226900613739975
0 53.2 16.18873761782056 17.304652574666473
0 53.4 16.25162348723559 17.382404535592972
0 53.6 16.31450935665062 17.46015649651947
0 53.8 16.37739522606565 17.53790845744597
0 54.0 16.44028109548068 17.615660418372467
0 54.2 16.503166964895712 17.693412379298966
0 54.4 16.566052834310742 17.771164340225464
0 54.6 16.628938703725773 17.848916301151963
0 54.8 16.691824573140803 17.92666826207846
0 55.0 16.754710442555833 18.00442022300496
0 55.2 16.817596311970863 18.08217218393146
0 55.4 16.880482181385894 18.159924144857957
0 55.6 16.943368050800924 18.237676105784455
0 55.8 17.006253920215954 18.315428066710954
0 56.0 17.069139789630984 18.393180027637452
0 56.2 17.132025659046015 18.47093198856395
0 56.4 17.194911528461045 18.54868394949045
0 56.6 17.257797397876075 18.626435910416948
0 56.8 17.320683267291106 18.704187871343446
0 57.0 17.383569136706136 18.781939832269945
0 57.2 17.446455006121166 18.859691793196443
0 57.4 17.509340875536196 18.937443754122942
0 57.6 17.572226744951227 19.01519571504944
0 57.8 17.635112614366257 19.09294767597594
0 58.0 17.697998483781287 19.170699636902437
0 58.2 17.760884353196317 19.248451597828936
0 58.4 17.835409690106477 19.34059457267166
0 58.6 17.827774637247625 19.24088646884934
0 58.8 17.820139584388773 19.14117836502702
0 59.0 17.81250453152992 19.0414702612047
0 59.2 17.80486947867107 18.94176215738238
0 59.4 17.797234425812217 18.842054053560062
0 59.6 17.789599372953365 18.742345949737743
0 59.8 17.781964320094513 18.642637845915424
0 60.0 17.77432926723566 18.542929742093104
0 60.2 17.76669421437681 18.443221638270785
0 60.4 17.759059161517957 18.343513534448466
0 60.6 17.751424108659105 18.243805430626146
0 60.8 17.743789055800253 18.144097326803827
0 61.0 17.7361540029414 18.044389222981508
0 61.2 17.72851895008255 17.94468111915919
0 61.4 17.720883897223697 17.84497301533687
0 61.6 17.713248844364845 17.74526491151455
0 61.8 17.705613791505993 17.64555680769223
0 62.0 17.69797873864714 17.54584870386991
0 62.2 17.69034368578829 17.446140600047592
0 62.4 17.682708632929437 17.346432496225273
0 62.6 17.675073580070585 17.246724392402953
0 62.8 17.667438527211733 17.147016288580634
0 63.0 17.65980347435288 17.047308184758315
0 63.2 17.65216842149403 16.947600080935995
0 63.4 17.644533368635177 16.847891977113676
0 63.6 17.636898315776325 16.748183873291357
0 63.8 17.629263262917473 16.648475769469037
0 64.0 17.62162821005862 16.548767665646718
0 64.2 17.61399315719977 16.4490595618244
0 64.4 17.606358104340917 16.34935145800208
0 64.6 17.598723051482065 16.24964335417976
0 64.8 17.591087998623212 16.14993525035744
0 65.0 17.58345294576436 16.05022714653512
0 65.2 17.57581789290551 15.950519042712802
0 65.4 17.568182840046656 15.850810938890483
0 65.6 17.560547787187804 15.751102835068163
0 65.8 17.552912734328952 15.651394731245844
0 66.0 17.5452776814701 15.551686627423525
0 66.2 17.53764262861125 15.451978523601205
0 66.4 17.530007575752396 15.352270419778886
0 66.6 17.522372522893544 15.252562315956567
0 66.8 17.514737470034692 15.152854212134248
0 67.0 17.50710241717584 15.053146108311928
0 67.2 17.49946736431699 14.953438004489609
0 67.4 17.491832311458136 14.85372990066729
0 67.6 17.484197258599284 14.75402179684497
0 67.8 17.476562205740432 14.654313693022651
0 68.0 17.46892715288158 14.554605589200332
0 68.2 17.461292100022728 14.454897485378012
0 68.4 17.453657047163876 14.355189381555693
0 68.6 17.446021994305024 14.255481277733374
0 68.8 17.438386941446172 14.155773173911054
0 69.0 17.43075188858732 14.056065070088735
0 69.2 17.423116835728468 13.956356966266416
0 69.4 17.415481782869616 13.856648862444096
0 69.6 17.407846730010764 13.756940758621777
0 69.8 17.400211677151912 13.657232654799458
0 70.0 17.39257662429306 13.557524550977138
0 70.2 17.384941571434208 13.45781644715482
0 70.4 17.377306518575356 13.3581083433325
0 70.6 17.369671465716504 13.25840023951018
0 70.8 17.362036412857652 13.158692135687861
0 71.0 17.3544013599988 13.058984031865542
0 71.2 17.346766307139948 12.959275928043223
0 71.4 17.339131254281096 12.859567824220903
0 71.6 17.331496201422244 12.759859720398584
0 71.8 17.32386114856339 12.660151616576265
0 72.0 17.31622609570454 12.560443512753945
0 72.2 17.308591042845688 12.460735408931626
0 72.4 17.300955989986836 12.361027305109307
0 72.6 17.293320937127984 12.261319201286987
0 72.8 17.28568588426913 12.161611097464668
0 73.0 17.27805083141028 12.061902993642349
0 73.2 17.270415778551428 11.96219488982003
0 73.4 17.262780725692576 11.86248678599771
0 73.6 17.255145672833724 11.76277868217539
0 73.8 17.24751061997487 11.663070578353071
0 74.0 17.23987556711602 11.563362474530752
0 74.2 17.232240514257168 11.463654370708433
0 74.4 17.224605461398315 11.363946266886114
0 74.6 17.216970408539463 11.264238163063794
0 74.8 17.20933535568061 11.164530059241475
0 75.0 17.20170030282176 11.064821955419156
0 75.2 17.194065249962907 10.965113851596836
0 75.4 17.179541802191316 10.775448440624992
0 75.6 17.088283795075697 10.816338245433592
0 75.8 16.997025787960077 10.857228050242192
0 76.0 16.905767780844457 10.898117855050792
0 76.2 16.814509773728837 10.939007659859392
0 76.4 16.723251766613217 10.979897464667992
0 76.6 16.631993759497597 11.020787269476592
0 76.8 16.540735752381977 11.061677074285193
0 77.0 16.449477745266357 11.102566879093793
0 77.2 16.358219738150737 11.143456683902393
0 77.4 16.266961731035117 11.184346488710993
0 77.6 16.175703723919497 11.225236293519593
0 77.8 16.084445716803877 11.266126098328193
0 78.0 15.993187709688257 11.307015903136794
0 78.2 15.901929702572637 11.347905707945394
0 78.4 15.810671695457017 11.388795512753994
0 78.6 15.719413688341398 11.429685317562594
0 78.8 15.628155681225778 11.470575122371194
0 79.0 15.536897674110158 11.511464927179794
0 79.2 15.445639666994538 11.552354731988395
0 79.4 15.354381659878918 11.593244536796995
0 79.6 15.263123652763298 11.634134341605595
0 79.8 15.171865645647678 11.675024146414195
0 80.0 15.080607638532058 11.715913951222795
0 80.2 14.989349631416438 11.756803756031395
0 80.4 14.898091624300818 11.797693560839996
0 80.6 14.806833617185198 11.838583365648596
0 80.8 14.715575610069578 11.879473170457196
0 81.0 14.624317602953958 11.920362975265796
0 81.2 14.533059595838338 11.961252780074396
0 81.4 14.441801588722718 12.002142584882996
0 81.6 14.350543581607099 12.043032389691597
0 81.8 14.259285574491479 12.083922194500197
0 82.0 14.168027567375859 12.124811999308797
0 82.2 14.076769560260239 12.165701804117397
0 82.4 13.985511553144619 12.206591608925997
0 82.6 13.894253546028999 12.247481413734597
0 82.8 13.802995538913379 12.288371218543197
0 83.0 13.711737531797759 12.329261023351798
0 83.2 13.620479524682139 12.370150828160398
0 83.4 13.52922151756652 12.411040632968998
0 83.6 13.4379635104509 12.451930437777598
0 83.8 13.34670550333528 12.492820242586198
0 84.0 13.25544749621966 12.533710047394798
0 84.2 13.16418948910404 12.574599852203399
0 84.4 13.07293148198842 12.615489657011999
0 84.6 12.9816734748728 12.656379461820599
0 84.8 12.89041546775718 12.697269266629199
0 85.0 12.79915746064156 12.7381590714378
0 85.2 12.70789945352594 12.7790488762464
0 85.4 12.61664144641032 12.819938681055
0 85.6 12.5253834392947 12.8608284858636
0 85.8 12.43412543217908 12.9017182906722
0 86.0 12.34286742506346 12.9426080954808
0 86.2 12.25160941794784 12.9834979002894
0 86.4 12.16035141083222 13.024387705098
0 86.6 12.0690934037166 13.0652775099066
0 86.8 11.97783539660098 13.1061673147152
0 87.0 11.88657738948536 13.1470571195238
0 87.2 11.79531938236974 13.187946924332401
0 87.4 11.70406137525412 13.228836729141001
0 87.6 11.6128033681385 13.269726533949601
0 87.8 11.52154536102288 13.310616338758201
0 88.0 11.43028735390726 13.351506143566802
0 88.2 11.33902934679164 13.392395948375402
0 88.4 11.24777133967602 13.433285753184002
0 88.6 11.156513332560401 13.474175557992602
0 88.8 11.065255325444781 13.515065362801202
0 89.0 10.973997318329161 13.555955167609802
0 89.2 10.882739311213541 13.596844972418403
0 89.4 10.791481304097921 13.637734777227003
0 89.6 10.700223296982301 13.678624582035603
0 89.8 10.608965289866681 13.719514386844203
0 90.0 10.517707282751061 13.760404191652803
0 90.2 10.426449275635441 13.801293996461403
0 90.4 10.335191268519822 13.842183801270004
0 90.6 10.243933261404202 13.883073606078604
0 90.8 10.152675254288582 13.923963410887204
0 91.0 10.061417247172962 13.964853215695804
0 91.2 9.970159240057342 14.005743020504404
0 91.4 9.878901232941722 14.046632825313004
0 91.6 9.787643225826102 14.087522630121605
0 91.8 9.696385218710482 14.128412434930205
0 92.0 9.605127211594862 14.169302239738805
0 92.2 9.513869204479242 14.210192044547405
0 92.4 9.422611197363622 14.251081849356005
0 92.6 9.331353190248002 14.291971654164605
0 92.8 9.240095183132382 14.332861458973206
0 93.0 9.148837176016762 14.373751263781806
0 93.2 9.057579168901142 14.414641068590406
0 93.4 8.966321161785523 14.455530873399006
0 93.6 8.875063154669903 14.496420678207606
0 93.8 8.783805147554283 14.537310483016206
0 94.0 8.692547140438663 14.578200287824806
0 94.2 8.601289133323043 14.619090092633407
0 94.4 8.510031126207423 14.659979897442007
0 94.6 8.418773119091803 14.700869702250607
0 94.8 8.327515111976183 14.741759507059207
0 95.0 8.236257104860563 14.782649311867807
0 95.2 8.144999097744943 14.823539116676407
0 95.4 8.053741090629323 14.864428921485008
0 95.6 7.962483083513703 14.905318726293608
0 95.8 7.871225076398083 14.946208531102208
0 96.0 7.779967069282463 14.987098335910808
0 96.2 7.6887090621668435 15.027988140719408
0 96.4 7.5974510550512235 15.068877945528008
0 96.6 7.506193047935604 15.109767750336609
0 96.8 7.414935040819984 15.150657555145209
0 97.0 7.323677033704364 15.191547359953809
0 97.2 7.232419026588744 15.232437164762409
0 97.4 7.141161019473124 15.27332696957101
0 97.6 7.049903012357504 15.31421677437961
0 97.8 6.958645005241884 15.35510657918821
0 98.0 6.867386998126264 15.39599638399681
0 98.2 6.776128991010644 15.43688618880541
0 98.4 6.684870983895024 15.47777599361401
0 98.6 6.593612976779404 15.51866579842261
0 98.8 6.502354969663784 15.55955560323121
0 99.0 6.411096962548164 15.60044540803981
0 99.2 6.3198389554325445 15.64133521284841
0 99.4 6.2285809483169245 15.68222501765701
0 99.6 6.137322941201305 15.723114822465611
0 99.8 6.046064934085685 15.764004627274211
0 100.0 5.954806926970065 15.804894432082811
0 100.2 5.863548919854445 15.845784236891411
0 100.4 5.772290912738825 15.886674041700012
0 100.6 5.681032905623205 15.927563846508612
0 100.8 5.589774898507585 15.968453651317212
0 101.0 5.498516891391965 16.009343456125812
0 101.2 5.407258884276345 16.050233260934412
0 101.4 5.316000877160725 16.091123065743012
0 101.6 5.224742870045105 16.132012870551613
0 101.8 5.133484862929485 16.172902675360213
0 102.0 5.042226855813865 16.213792480168813
0 102.2 4.9509688486982455 16.254682284977413
0 102.4 4.859710841582626 16.295572089786013
0 102.6 4.768452834467006 16.336461894594613
0 102.8 4.677194827351386 16.377351699403214
0 103.0 4.585936820235766 16.418241504211814
0 103.2 4.494678813120146 16.459131309020414
0 103.4 4.403420806004526 16.500021113829014
0 103.6 4.312162798888906 16.540910918637614
0 103.8 4.220904791773286 16.581800723446214
0 104.0 4.126798807639966 16.623966615998
0 104.2 4.210325265880844 16.568981792876208
0 104.4 4.293851724121721 16.513996969754416
0 104.6 4.377378182362598 16.459012146632624
0 104.8 4.460904640603475 16.40402732351083
0 105.0 4.544431098844353 16.34904250038904
0 105.2 4.62795755708523 16.294057677267247
0 105.4 4.711484015326107 16.239072854145455
0 105.6 4.795010473566984 16.184088031023663
0 105.8 4.8785369318078615 16.12910320790187
0 106.0 4.962063390048739 16.07411838478008
0 106.2 5.045589848289616 16.019133561658286
0 106.4 5.129116306530493 15.964148738536492
0 106.6 5.2126427647713705 15.909163915414698
0 106.8 5.296169223012248 15.854179092292904
0 107.0 5.379695681253125 15.79919426917111
0 107.2 5.463222139494002 15.744209446049316
0 107.4 5.546748597734879 15.689224622927522
0 107.6 5.630275055975757 15.634239799805728
0 107.8 5.713801514216634 15.579254976683934
0 108.0 5.797327972457511 15.52427015356214
0 108.2 5.880854430698388 15.469285330440346
0 108.4 5.9643808889392655 15.414300507318552
0 108.6 6.047907347180143 15.359315684196758
0 108.8 6.13143380542102 15.304330861074964
0 109.0 6.214960263661897 15.24934603795317
0 109.2 6.2984867219027745 15.194361214831376
0 109.4 6.382013180143652 15.139376391709582
0 109.6 6.465539638384529 15.084391568587789
0 109.8 6.549066096625406 15.029406745465995
0 110.0 6.632592554866283 14.9744219223442
0 110.2 6.716119013107161 14.919437099222407
0 110.4 6.799645471348038 14.864452276100613
0 110.6 6.883171929588915 14.809467452978819
0 110.8 6.966698387829792 14.754482629857025
0 111.0 7.05022484607067 14.69949780673523
0 111.2 7.133751304311547 14.644512983613437
0 111.4 7.217277762552424 14.589528160491643
0 111.6 7.300804220793301 14.534543337369849
0 111.8 7.3843306790341785 14.479558514248055
0 112.0 7.467857137275056 14.42457369112626
0 112.2 7.551383595515933 14.369588868004467
0 112.4 7.63491005375681 14.314604044882673
0 112.6 7.718436511997687 14.259619221760879
0 112.8 7.801962970238565 14.204634398639085
0 113.0 7.885489428479442 14.14964957551729
0 113.2 7.969015886720319 14.094664752395497
0 113.4 8.052542344961196 14.039679929273703
0 113.6 8.136068803202074 13.984695106151909
0 113.8 8.21959526144295 13.929710283030115
0 114.0 8.303121719683828 13.874725459908321
0 114.2 8.386648177924705 13.819740636786527
0 114.4 8.470174636165583 13.764755813664733
0 114.6 8.55370109440646 13.709770990542939
0 114.8 8.637227552647337 13.654786167421145
0 115.0 8.720754010888214 13.599801344299351
0 115.2 8.804280469129091 13.544816521177557
0 115.4 8.887806927369969 13.489831698055763
0 115.6 8.971333385610846 13.43484687493397
0 115.8 9.054859843851723 13.379862051812175
0 116.0 9.1383863020926 13.324877228690381
0 116.2 9.221912760333478 13.269892405568587
0 116.4 9.305439218574355 13.214907582446793
0 116.6 9.388965676815232 13.159922759325
0 116.8 9.47249213505611 13.104937936203205
0 117.0 9.556018593296987 13.049953113081411
0 117.2 9.639545051537864 12.994968289959617
0 117.4 9.723071509778741 12.939983466837823
0 117.6 9.806597968019618 12.88499864371603
0 117.8 9.890124426260495 12.830013820594235
0 118.0 9.973650884501373 12.775028997472441
0 118.2 10.05717734274225 12.720044174350647
0 118.4 10.140703800983127 12.665059351228853
0 118.6 10.224230259224004 12.61007452810706
0 118.8 10.307756717464882 12.555089704985265
0 119.0 10.391283175705759 12.500104881863471
0 119.2 10.474809633946636 12.445120058741677
0 119.4 10.558336092187513 12.390135235619884
0 119.6 10.64186255042839 12.33515041249809
0 119.8 10.725389008669268 12.280165589376296
0 120.0 10.808915466910145 12.225180766254502
0 120.2 10.892441925151022 12.170195943132708
0 120.4 10.9759683833919 12.115211120010914
0 120.6 11.059494841632777 12.06022629688912
0 120.8 11.143021299873654 12.005241473767326
0 121.0 11.226547758114531 11.950256650645532
0 121.2 11.310074216355408 11.895271827523738
0 121.4 11.393600674596286 11.840287004401944
0 121.6 11.477127132837163 11.78530218128015
0 121.8 11.56065359107804 11.730317358158356
0 122.0 11.644180049318917 11.675332535036562
0 122.2 11.727706507559795 11.620347711914768
0 122.4 11.811232965800672 11.565362888792974
0 122.6 11.894759424041549 11.51037806567118
0 122.8 11.978285882282426 11.455393242549386
0 123.0 12.061812340523304 11.400408419427592
0 123.2 12.14533879876418 11.345423596305798
0 123.4 12.228865257005058 11.290438773184004
0 123.6 12.312391715245935 11.23545395006221
0 123.8 12.395918173486812 11.180469126940416
0 124.0 12.47944463172769 11.125484303818622
0 124.2 12.562971089968567 11.070499480696828
0 124.4 12.646497548209444 11.015514657575034
0 124.6 12.730024006450321 10.96052983445324
0 124.8 12.813550464691199 10.905545011331446
0 125.0 12.897076922932076 10.850560188209652
0 125.2 12.980603381172953 10.795575365087858
0 125.4 13.06412983941383 10.740590541966064
0 125.6 13.147656297654708 10.68560571884427
0 125.8 13.231182755895585 10.630620895722476
0 126.0 13.314709214136462 10.575636072600682
0 126.2 13.39823567237734 10.520651249478888
0 126.4 13.481762130618216 10.465666426357094
0 126.6 13.565288588859094 10.4106816032353
0 126.8 13.648815047099971 10.355696780113506
0 127.0 13.732341505340848 10.300711956991712
0 127.2 13.815867963581725 10.245727133869918
0 127.4 13.899394421822603 10.190742310748124
0 127.6 13.98292088006348 10.13575748762633
0 127.8 14.066447338304357 10.080772664504536
0 128.0 14.149973796545234 10.025787841382742
0 128.2 14.233500254786112 9.970803018260948
0 128.4 14.317026713026989 9.915818195139154
0 128.6 14.400553171267866 9.86083337201736
0 128.8 14.484079629508743 9.805848548895566
0 129.0 14.56760608774962 9.750863725773772
0 129.2 14.651132545990498 9.695878902651978
0 129.4 14.734659004231375 9.640894079530185
0 129.6 14.818185462472252 9.58590925640839
0 129.8 14.90171192071313 9.530924433286597
0 130.0 14.985238378954007 9.475939610164803
0 130.2 15.068764837194884 9.420954787043009
0 130.4 15.152291295435761 9.365969963921215
0 130.6 15.235817753676638 9.31098514079942
0 130.8 15.319344211917516 9.256000317677627
0 131.0 15.402870670158393 9.201015494555833
0 131.2 15.48639712839927 9.146030671434039
0 131.4 15.569923586640147 9.091045848312245
0 131.6 15.653450044881025 9.03606102519045
0 131.8 15.736976503121902 8.981076202068657
0 132.0 15.820502961362779 8.926091378946863
0 132.2 15.904029419603656 8.871106555825069
0 132.4 15.987555877844533 8.816121732703275
0 132.6 16.07108233608541 8.76113690958148
0 132.8 16.198192774848394 8.677461088296752
0 133.0 16.135385189904408 8.755276300649504
0 133.2 16.072577604960422 8.833091513002255
0 133.4 16.009770020016436 8.910906725355007
0 133.6 15.946962435072448 8.988721937707759
0 133.8 15.88415485012846 9.06653715006051
0 134.0 15.821347265184473 9.144352362413262
0 134.2 15.758539680240485 9.222167574766013
0 134.4 15.695732095296497 9.299982787118765
0 134.6 15.63292451035251 9.377797999471516
0 134.8 15.570116925408522 9.455613211824268
0 135.0 15.507309340464534 9.53342842417702
0 135.2 15.444501755520546 9.611243636529771
0 135.4 15.381694170576559 9.689058848882523
0 135.6 15.31888658563257 9.766874061235274
0 135.8 15.256079000688583 9.844689273588026
0 136.0 15.193271415744595 9.922504485940777
0 136.2 15.130463830800608 10.000319698293529
0 136.4 15.06765624585662 10.07813491064628
0 136.6 15.004848660912632 10.155950122999032
0 136.8 14.942041075968644 10.233765335351784
0 137.0 14.879233491024657 10.311580547704535
0 137.2 14.816425906080669 10.389395760057287
0 137.4 14.753618321136681 10.467210972410038
0 137.6 14.690810736192693 10.54502618476279
0 137.8 14.628003151248706 10.622841397115542
0 138.0 14.565195566304718 10.700656609468293
0 138.2 14.50238798136073 10.778471821821045
0 138.4 14.439580396416742 10.856287034173796
0 138.6 14.376772811472755 10.934102246526548
0 138.8 14.313965226528767 11.0119174588793
0 139.0 14.25115764158478 11.089732671232051
0 139.2 14.188350056640791 11.167547883584803
0 139.4 14.125542471696804 11.245363095937554
0 139.6 14.062734886752816 11.323178308290306
0 139.8 13.999927301808828 11.400993520643057
0 140.0 13.93711971686484 11.478808732995809
0 140.2 13.874312131920853 11.55662394534856
0 140.4 13.811504546976865 11.634439157701312
0 140.6 13.748696962032877 11.712254370054064
0 140.8 13.68588937708889 11.790069582406815
0 141.0 13.623081792144902 11.867884794759567
0 141.2 13.560274207200914 11.945700007112318
0 141.4 13.497466622256926 12.02351521946507
0 141.6 13.434659037312938 12.101330431817821
0 141.8 13.37185145236895 12.179145644170573
0 142.0 13.309043867424963 12.256960856523325
0 142.2 13.246236282480975 12.334776068876076
0 142.4 13.183428697536987 12.412591281228828
0 142.6 13.120621112593 12.49040649358158
0 142.8 13.057813527649012 12.56822170593433
0 143.0 12.995005942705024 12.646036918287082
0 143.2 12.932198357761036 12.723852130639834
0 143.4 12.869390772817049 12.801667342992586
0 143.6 12.806583187873061 12.879482555345337
0 143.8 12.743775602929073 12.957297767698089
0 144.0 12.680968017985085 13.03511298005084
0 144.2 12.618160433041098 13.112928192403592
0 144.4 12.55535284809711 13.190743404756343
0 144.6 12.492545263153122 13.268558617109095
0 144.8 12.429737678209134 13.346373829461847
0 145.0 12.366930093265147 13.424189041814598
0 145.2 12.304122508321159 13.50200425416735
0 145.4 12.241314923377171 13.579819466520101
0 145.6 12.178507338433183 13.657634678872853
0 145.8 12.115699753489196 13.735449891225604
0 146.0 12.052892168545208 13.813265103578356
0 146.2 11.99008458360122 13.891080315931108
0 146.4 11.927276998657232 13.96889552828386
0 146.6 11.864469413713245 14.04671074063661
0 146.8 11.801661828769257 14.124525952989362
0 147.0 11.73885424382527 14.202341165342114
0 147.2 11.676046658881281 14.280156377694865
0 147.4 11.613239073937294 14.357971590047617
0 147.6 11.550431488993306 14.435786802400369
0 147.8 11.487623904049318 14.51360201475312
0 148.0 11.42481631910533 14.591417227105872
0 148.2 11.362008734161343 14.669232439458623
0 148.4 11.299201149217355 14.747047651811375
0 148.6 11.236393564273367 14.824862864164126
0 148.8 11.17358597932938 14.902678076516878
0 149.0 11.110778394385392 14.98049328886963
0 149.2 11.047970809441404 15.058308501222381
0 149.4 10.985163224497416 15.136123713575133
0 149.6 10.922355639553428 15.213938925927884
0 149.8 10.85954805460944 15.291754138280636
0 150.0 10.796740469665453 15.369569350633387
0 150.2 10.733932884721465 15.447384562986139
0 150.4 10.671125299777477 15.52519977533889
0 150.6 10.60831771483349 15.603014987691642
0 150.8 10.545510129889502 15.680830200044394
0 151.0 10.482702544945514 15.758645412397145
0 151.2 10.419894960001526 15.836460624749897
0 151.4 10.357087375057539 15.914275837102648
0 151.6 10.294279790113551 15.9920910494554
0 151.8 10.231472205169563 16.06990626180815
0 152.0 10.168664620225575 16.1477214741609
0 152.2 10.105857035281588 16.22553668651365
0 152.4 10.0430494503376 16.3033518988664
0 152.6 9.980241865393612 16.38116711121915
0 152.8 9.917434280449624 16.4589823235719
0 153.0 9.854626695505637 16.53679753592465
0 153.2 9.791819110561649 16.6146127482774
0 153.4 9.729011525617661 16.692427960630148
0 153.6 9.666203940673674 16.770243172982898
0 153.8 9.603396355729686 16.848058385335648
0 154.0 9.540588770785698 16.925873597688398
0 154.2 9.47778118584171 17.003688810041147
0 154.4 9.414973600897723 17.081504022393897
0 154.6 9.352166015953735 17.159319234746647
0 154.8 9.289358431009747 17.237134447099397
0 155.0 9.22655084606576 17.314949659452147
0 155.2 9.150952275556232 17.408612213473496
0 155.4 9.192162639841047 17.317498515954885
0 155.6 9.233373004125863 17.226384818436273
0 155.8 9.274583368410678 17.13527112091766
0 156.0 9.315793732695493 17.04415742339905
0 156.2 9.357004096980308 16.953043725880438
0 156.4 9.398214461265123 16.861930028361826
0 156.6 9.439424825549938 16.770816330843214
0 156.8 9.480635189834754 16.679702633324602
0 157.0 9.521845554119569 16.58858893580599
0 157.2 9.563055918404384 16.49747523828738
0 157.4 9.6042662826892 16.406361540768767
0 157.6 9.645476646974014 16.315247843250155
0 157.8 9.68668701125883 16.224134145731544
0 158.0 9.727897375543645 16.133020448212932
0 158.2 9.76910773982846 16.04190675069432
0 158.4 9.810318104113275 15.95079305317571
0 158.6 9.85152846839809 15.8596793556571
0 158.8 9.892738832682905 15.76856565813849
0 159.0 9.93394919696772 15.67745196061988
0 159.2 9.975159561252536 15.58633826310127
0 159.4 10.01636992553735 15.49522456558266
0 159.6 10.057580289822166 15.40411086806405
0 159.8 10.098790654106981 15.31299717054544
