2 0 0.680586703846 10.0651051927
3 0 19.0441033468 10.2392817627
4 0 10.4134458935 12.6234621233
5 0 5.35507659675 7.86235672116
6 0 14.3588149589 18.9043161574
7 0 6.82570087991 17.7891398806
8 0 8.10247166786 5.4684063359
9 0 7.45580240066 15.2032467165
10 0 4.37110057341 9.73433341394
11 0 0.67519333848 18.0298540035
12 0 10.3960073858 12.3706800351
13 0 7.24588660447 14.8951924083
14 0 5.63406392311 3.19414876185
15 0 13.7369301629 13.5110909323
16 0 14.6818778592 5.28685796648
17 0 1.71758593815 12.2819253872
18 0 7.61759713699 9.71845148418
19 0 9.98080842872 3.3130558438
20 0 17.9700072145 5.61211603986
21 0 15.3825775268 0.998424422967
22 0 7.33045621242 19.9419991243
23 0 5.25640106543 2.41053635605
24 0 13.8551744591 1.04575625523
25 0 9.06785692717 7.88637669456
26 0 9.18694464384 11.9890930824
27 0 13.9971974522 8.16235424709
28 0 19.1723371135 3.17758823164
29 0 17.9796601572 13.3346749018
30 0 10.4688744509 16.7473524716
31 0 18.7011607222 11.2004864501
32 0 2.64399702299 19.5391387755
33 0 17.9735706069 13.9984947301
34 0 16.8819288127 16.3309800736
35 0 6.43906827397 11.5060518753
36 0 15.8847823486 9.81780962508
37 0 8.1601025611 12.2804559789
38 0 9.13438723551 17.9282154436
39 0 18.0688916076 3.65851944745
40 0 17.036909584 14.2122943391
41 0 0.564513828455 19.5880503299
42 0 6.28938965824 14.3759586736
43 0 1.64688878668 12.8238388859
44 0 3.87985934983 9.47179491437
45 0 3.93645759298 11.6883296136
46 0 1.76144187426 15.0870808432
47 0 12.1106244792 6.75032835619
48 0 19.3891994933 7.17002421539
49 0 2.5646795735 16.7755900575
50 0 8.94695815089 6.33993591621
51 0 9.78288084903 2.96272428639
52 0 1.70257520046 19.2507897289
53 0 5.72024792772 17.4418076828
54 0 19.9947951308 15.476884107
55 0 6.76227597797 12.2513678589
56 0 2.55464207146 12.5560950422
57 0 19.2091262123 18.6972956209
58 0 13.9023877772 8.57868594587
59 0 7.79292485209 7.59691060464
60 0 4.30842242273 14.9169685576
61 0 19.5730259571 18.926508147
62 0 10.3320697059 16.0945623972
63 0 3.49114711764 13.2650418636
64 0 9.14207005808 13.005721488
65 0 5.85401769806 19.5717673348
66 0 7.81934545683 10.3368534634
67 0 12.480040088 5.2147383327
68 0 12.4634662396 11.726286574
69 0 5.36866740786 11.8697892834
70 0 12.0412661908 0.762266259173
71 0 0.458180408725 6.04681173205
72 0 8.29443002801 0.401738166459
73 0 5.25345884392 11.0662011887
74 0 10.6693108821 12.0015868546
75 0 2.5464334918 12.6430690821
76 0 6.41954360921 12.5514259575
77 0 3.99680660138 17.1767453618
78 0 0.916273816466 11.2217729706
79 0 2.62153524606 16.7079980495
80 0 11.0515863131 2.93899886699
81 0 1.76565513867 10.7582752426
82 0 0.740220248357 18.4281236054
83 0 3.42242647803 6.28130456173
84 0 9.85038169435 15.2904905422
85 0 12.7956227126 2.17385174224
86 0 6.44715180197 3.63573141436
1 0 10 10
0 0.0 8.251377204523013 10.256314829857686
0 0.2 8.157507302691014 10.221841049530447
0 0.4 8.063637400859015 10.187367269203207
0 0.6 7.969767499027016 10.152893488875968
0 0.8 7.875897597195017 10.118419708548728
0 1.0 7.782027695363018 10.083945928221489
0 1.2 7.688157793531019 10.04947214789425
0 1.4 7.59428789169902 10.01499836756701
0 1.6 7.500417989867021 9.98052458723977
0 1.8 7.406548088035022 9.946050806912531
0 2.0 7.312678186203023 9.911577026585292
0 2.2 7.218808284371024 9.877103246258052
0 2.4 7.124938382539025 9.842629465930813
0 2.6 7.031068480707026 9.808155685603573
0 2.8 6.9371985788750266 9.773681905276334
0 3.0 6.8433286770430275 9.739208124949094
0 3.2 6.749458775211028 9.704734344621855
0 3.4 6.655588873379029 9.670260564294615
0 3.6 6.56171897154703 9.635786783967376
0 3.8 6.467849069715031 9.601313003640136
0 4.0 6.373979167883032 9.566839223312897
0 4.2 6.280109266051033 9.532365442985657
0 4.4 6.186239364219034 9.497891662658418
0 4.6 6.092369462387035 9.463417882331179
0 4.8 5.998499560555036 9.428944102003939
0 5.0 5.904629658723037 9.3944703216767
0 5.2 5.810759756891038 9.35999654134946
0 5.4 5.716889855059039 9.32552276102222
0 5.6 5.62301995322704 9.291048980694981
0 5.8 5.529150051395041 9.256575200367742
0 6.0 5.435280149563042 9.222101420040502
0 6.2 5.341410247731043 9.187627639713263
0 6.4 5.2475403458990435 9.153153859386023
0 6.6 5.153670444067044 9.118680079058784
0 6.8 5.059800542235045 9.084206298731544
0 7.0 4.965930640403046 9.049732518404305
0 7.2 4.872060738571047 9.015258738077065
0 7.4 4.778190836739048 8.980784957749826
0 7.6 4.684320934907049 8.946311177422587
0 7.8 4.59045103307505 8.911837397095347
0 8.0 4.496581131243051 8.877363616768108
0 8.2 4.402711229411052 8.842889836440868
0 8.4 4.308841327579053 8.808416056113629
0 8.6 4.214971425747054 8.77394227578639
0 8.8 4.121101523915055 8.73946849545915
0 9.0 4.027231622083056 8.70499471513191
0 9.2 3.9333617202510562 8.67052093480467
0 9.4 3.8394918184190567 8.636047154477431
0 9.6 3.7456219165870572 8.601573374150192
0 9.8 3.6517520147550577 8.567099593822952
0 10.0 3.5578821129230582 8.532625813495713
0 10.2 3.4640122110910587 8.498152033168473
0 10.4 3.370142309259059 8.463678252841234
0 10.6 3.2762724074270597 8.429204472513995
0 10.8 3.18240250559506 8.394730692186755
0 11.0 3.0885326037630607 8.360256911859516
0 11.2 2.994662701931061 8.325783131532276
0 11.4 2.9007928000990617 8.291309351205037
0 11.6 2.806922898267062 8.256835570877797
0 11.8 2.7130529964350627 8.222361790550558
0 12.0 2.619183094603063 8.187888010223318
0 12.2 2.5253131927710637 8.153414229896079
0 12.4 2.3840733597719077 8.101543812635132
0 12.6 2.4803694169623722 8.074579588752906
0 12.8 2.5766654741528368 8.04761536487068
0 13.0 2.6729615313433013 8.020651140988454
0 13.2 2.769257588533766 7.993686917106228
0 13.4 2.8655536457242303 7.966722693224002
0 13.6 2.961849702914695 7.9397584693417755
0 13.8 3.0581457601051594 7.9127942454595495
0 14.0 3.154441817295624 7.885830021577323
0 14.2 3.2507378744860884 7.858865797695097
0 14.4 3.347033931676553 7.831901573812871
0 14.6 3.4433299888670175 7.804937349930645
0 14.8 3.539626046057482 7.777973126048419
0 15.0 3.6359221032479465 7.751008902166193
0 15.2 3.732218160438411 7.724044678283967
0 15.4 3.8285142176288756 7.697080454401741
0 15.6 3.92481027481934 7.670116230519515
0 15.8 4.021106332009804 7.643152006637289
0 16.0 4.117402389200269 7.616187782755063
0 16.2 4.213698446390733 7.5892235588728365
0 16.4 4.309994503581198 7.56225933499061
0 16.6 4.406290560771662 7.535295111108384
0 16.8 4.502586617962127 7.508330887226158
0 17.0 4.598882675152591 7.481366663343932
0 17.2 4.695178732343056 7.454402439461706
0 17.4 4.79147478953352 7.42743821557948
0 17.6 4.887770846723985 7.400473991697254
0 17.8 4.984066903914449 7.373509767815028
0 18.0 5.080362961104914 7.346545543932802
0 18.2 5.1766590182953784 7.319581320050576
0 18.4 5.272955075485843 7.29261709616835
0 18.6 5.3692511326763075 7.2656528722861236
0 18.8 5.465547189866772 7.2386886484038975
0 19.0 5.5618432470572365 7.211724424521671
0 19.2 5.658139304247701 7.184760200639445
0 19.4 5.754435361438166 7.157795976757219
0 19.6 5.85073141862863 7.130831752874993
0 19.8 5.947027475819095 7.103867528992767
0 20.0 6.043323533009559 7.076903305110541
0 20.2 6.139619590200024 7.049939081228315
0 20.4 6.235915647390488 7.022974857346089
0 20.6 6.332211704580953 6.996010633463863
0 20.8 6.428507761771417 6.969046409581637
0 21.0 6.524803818961882 6.942082185699411
0 21.2 6.621099876152346 6.9151179618171845
0 21.4 6.717395933342811 6.888153737934958
0 21.6 6.813691990533275 6.861189514052732
0 21.8 6.90998804772374 6.834225290170506
0 22.0 7.006284104914204 6.80726106628828
0 22.2 7.102580162104669 6.780296842406054
0 22.4 7.198876219295133 6.753332618523828
0 22.6 7.295172276485598 6.726368394641602
0 22.8 7.3914683336760625 6.699404170759376
0 23.0 7.487764390866527 6.67243994687715
0 23.2 7.5840604480569915 6.645475722994924
0 23.4 7.680356505247456 6.618511499112698
0 23.6 7.776652562437921 6.591547275230472
0 23.8 7.872948619628385 6.5645830513482455
0 24.0 7.96924467681885 6.537618827466019
0 24.2 8.065540734009314 6.510654603583793
0 24.4 8.161836791199779 6.483690379701567
0 24.6 8.258132848390243 6.456726155819341
0 24.8 8.354428905580708 6.429761931937115
0 25.0 8.450724962771172 6.402797708054889
0 25.2 8.547021019961637 6.375833484172663
0 25.4 8.643317077152101 6.348869260290437
0 25.6 8.739613134342566 6.321905036408211
0 25.8 8.83590919153303 6.294940812525985
0 26.0 8.932205248723495 6.267976588643759
0 26.2 9.02850130591396 6.2410123647615325
0 26.4 9.124797363104424 6.2140481408793065
0 26.6 9.221093420294888 6.18708391699708
0 26.8 9.317389477485353 6.160119693114854
0 27.0 9.413685534675817 6.133155469232628
0 27.2 9.509981591866282 6.106191245350402
0 27.4 9.606277649056747 6.079227021468176
0 27.6 9.702573706247211 6.05226279758595
0 27.8 9.798869763437676 6.025298573703724
0 28.0 9.89516582062814 5.998334349821498
0 28.2 9.991461877818605 5.971370125939272
0 28.4 10.08775793500907 5.944405902057046
0 28.6 10.184053992199534 5.91744167817482
0 28.8 10.280350049389998 5.8904774542925935
0 29.0 10.376646106580463 5.863513230410367
0 29.2 10.472942163770927 5.836549006528141
0 29.4 10.569238220961392 5.809584782645915
0 29.6 10.665534278151856 5.782620558763689
0 29.8 10.76183033534232 5.755656334881463
0 30.0 10.858126392532785 5.728692110999237
0 30.2 10.95442244972325 5.701727887117011
0 30.4 11.050718506913714 5.674763663234785
0 30.6 11.147014564104179 5.647799439352559
0 30.8 11.243310621294643 5.620835215470333
0 31.0 11.339606678485108 5.593870991588107
0 31.2 11.435902735675572 5.5669067677058806
0 31.4 11.532198792866037 5.5399425438236545
0 31.6 11.628494850056502 5.512978319941428
0 31.8 11.724790907246966 5.486014096059202
0 32.0 11.82108696443743 5.459049872176976
0 32.2 11.917383021627895 5.43208564829475
0 32.4 12.01367907881836 5.405121424412524
0 32.6 12.109975136008824 5.378157200530298
0 32.8 12.206271193199289 5.351192976648072
0 33.0 12.302567250389753 5.324228752765846
0 33.2 12.398863307580218 5.29726452888362
0 33.4 12.495159364770682 5.270300305001394
0 33.6 12.591455421961147 5.243336081119168
0 33.8 12.714724407928774 5.208819065237695
0 34.0 12.644030233720084 5.279546243415193
0 34.2 12.573336059511394 5.35027342159269
0 34.4 12.502641885302705 5.4210005997701876
0 34.6 12.431947711094015 5.491727777947685
0 34.8 12.361253536885325 5.562454956125182
0 35.0 12.290559362676635 5.63318213430268
0 35.2 12.219865188467946 5.703909312480177
0 35.4 12.149171014259256 5.774636490657675
0 35.6 12.078476840050566 5.845363668835172
0 35.8 12.007782665841876 5.916090847012669
0 36.0 11.937088491633187 5.986818025190167
0 36.2 11.866394317424497 6.057545203367664
0 36.4 11.795700143215807 6.128272381545162
0 36.6 11.725005969007118 6.198999559722659
0 36.8 11.654311794798428 6.269726737900156
0 37.0 11.583617620589738 6.340453916077654
0 37.2 11.512923446381048 6.411181094255151
0 37.4 11.442229272172359 6.481908272432649
0 37.6 11.371535097963669 6.552635450610146
0 37.8 11.30084092375498 6.6233626287876435
0 38.0 11.23014674954629 6.694089806965141
0 38.2 11.1594525753376 6.764816985142638
0 38.4 11.08875840112891 6.835544163320136
0 38.6 11.01806422692022 6.906271341497633
0 38.8 10.94737005271153 6.9769985196751305
0 39.0 10.87667587850284 7.047725697852628
0 39.2 10.805981704294151 7.118452876030125
0 39.4 10.735287530085461 7.189180054207623
0 39.6 10.664593355876772 7.25990723238512
0 39.8 10.593899181668082 7.3306344105626176
0 40.0 10.523205007459392 7.401361588740115
0 40.2 10.452510833250702 7.472088766917612
0 40.4 10.381816659042013 7.54281594509511
0 40.6 10.311122484833323 7.613543123272607
0 40.8 10.240428310624633 7.684270301450105
0 41.0 10.169734136415943 7.754997479627602
0 41.2 10.099039962207254 7.825724657805099
0 41.4 10.028345787998564 7.896451835982597
0 41.6 9.957651613789874 7.967179014160094
0 41.8 9.886957439581185 8.03790619233759
0 42.0 9.816263265372495 8.108633370515088
0 42.2 9.745569091163805 8.179360548692586
0 42.4 9.674874916955115 8.250087726870083
0 42.6 9.604180742746426 8.32081490504758
0 42.8 9.533486568537736 8.391542083225078
0 43.0 9.462792394329046 8.462269261402575
0 43.2 9.392098220120356 8.532996439580073
0 43.4 9.321404045911667 8.60372361775757
0 43.6 9.250709871702977 8.674450795935067
0 43.8 9.180015697494287 8.745177974112565
0 44.0 9.109321523285598 8.815905152290062
0 44.2 9.038627349076908 8.88663233046756
0 44.4 8.967933174868218 8.957359508645057
0 44.6 8.897239000659528 9.028086686822554
0 44.8 8.826544826450839 9.098813865000052
0 45.0 8.755850652242149 9.16954104317755
0 45.2 8.68515647803346 9.240268221355047
0 45.4 8.61446230382477 9.310995399532544
0 45.6 8.54376812961608 9.381722577710041
0 45.8 8.47307395540739 9.452449755887539
0 46.0 8.4023797811987 9.523176934065036
0 46.2 8.33168560699001 9.593904112242534
0 46.4 8.26099143278132 9.664631290420031
0 46.6 8.190297258572631 9.735358468597529
0 46.8 8.119603084363941 9.806085646775026
0 47.0 8.048908910155252 9.876812824952523
0 47.2 7.978214735946562 9.94754000313002
0 47.4 7.907520561737872 10.018267181307518
0 47.6 7.836826387529182 10.088994359485016
0 47.8 7.766132213320493 10.159721537662513
0 48.0 7.695438039111803 10.23044871584001
0 48.2 7.624743864903113 10.301175894017508
0 48.4 7.5540496906944234 10.371903072195005
0 48.6 7.483355516485734 10.442630250372503
0 48.8 7.412661342277044 10.51335742855
0 49.0 7.341967168068354 10.584084606727497
0 49.2 7.2712729938596645 10.654811784904995
0 49.4 7.200578819650975 10.725538963082492
0 49.6 7.129884645442285 10.79626614125999
0 49.8 7.059190471233595 10.866993319437487
0 50.0 6.988496297024906 10.937720497614984
0 50.2 6.917802122816216 11.008447675792482
0 50.4 6.847107948607526 11.07917485396998
0 50.6 6.776413774398836 11.149902032147477
0 50.8 6.705719600190147 11.220629210324974
0 51.0 6.635025425981457 11.291356388502471
0 51.2 6.564331251772767 11.362083566679969
0 51.4 6.4936370775640775 11.432810744857466
0 51.6 6.422942903355388 11.503537923034964
0 51.8 6.352248729146698 11.574265101212461
0 52.0 6.281554554938008 11.644992279389959
0 52.2 6.210860380729319 11.715719457567456
0 52.4 6.140166206520629 11.786446635744953
0 52.6 6.069472032311939 11.85717381392245
0 52.8 5.998777858103249 11.927900992099948
0 53.0 5.92808368389456 11.998628170277446
0 53.2 5.85738950968587 12.069355348454943
0 53.4 5.78669533547718 12.14008252663244
0 53.6 5.7160011612684904 12.210809704809938
0 53.8 5.645306987059801 12.281536882987435
0 54.0 5.574612812851111 12.352264061164933
0 54.2 5.503918638642421 12.42299123934243
0 54.4 5.4332244644337315 12.493718417519927
0 54.6 5.362530290225042 12.564445595697425
0 54.8 5.291836116016352 12.635172773874922
0 55.0 5.221141941807662 12.70589995205242
0 55.2 5.150447767598973 12.776627130229917
0 55.4 5.079753593390283 12.847354308407414
0 55.6 5.009059419181593 12.918081486584912
0 55.8 4.938365244972903 12.98880866476241
0 56.0 4.867671070764214 13.059535842939907
0 56.2 4.796976896555524 13.130263021117404
0 56.4 4.726282722346834 13.200990199294901
0 56.6 4.6555885481381445 13.271717377472399
0 56.8 4.584894373929455 13.342444555649896
0 57.0 4.514200199720765 13.413171733827394
0 57.2 4.443506025512075 13.483898912004891
0 57.4 4.372811851303386 13.554626090182389
0 57.6 4.302117677094696 13.625353268359886
0 57.8 4.231423502886006 13.696080446537383
0 58.0 4.160729328677316 13.76680762471488
0 58.2 4.090035154468627 13.837534802892378
0 58.4 4.019340980259937 13.908261981069876
0 58.6 3.948646806051247 13.978989159247373
0 58.8 3.8779526318425575 14.04971633742487
0 59.0 3.8072584576338677 14.120443515602368
0 59.2 3.736564283425178 14.191170693779865
0 59.4 3.6658701092164883 14.261897871957363
0 59.6 3.5951759350077985 14.33262505013486
0 59.8 3.524481760799109 14.403352228312357
0 60.0 3.453787586590419 14.474079406489855
0 60.2 3.3830934123817293 14.544806584667352
0 60.4 3.3123992381730396 14.61553376284485
0 60.6 3.24170506396435 14.686260941022347
0 60.8 3.17101088975566 14.756988119199844
0 61.0 3.1003167155469704 14.827715297377342
0 61.2 3.0296225413382807 14.89844247555484
0 61.4 2.958928367129591 14.969169653732337
0 61.6 2.8882341929209012 15.039896831909834
0 61.8 2.8175400187122115 15.110624010087331
0 62.0 2.7468458445035218 15.181351188264829
0 62.2 2.676151670294832 15.252078366442326
0 62.4 2.6054574960861423 15.322805544619824
0 62.6 2.5347633218774526 15.393532722797321
0 62.8 2.464069147668763 15.464259900974819
0 63.0 2.393374973460073 15.534987079152316
0 63.2 2.3226807992513834 15.605714257329813
0 63.4 2.2519866250426936 15.67644143550731
0 63.6 2.181292450834004 15.747168613684808
0 63.8 2.110598276625314 15.817895791862306
0 64.0 2.0399041024166245 15.888622970039803
0 64.2 1.9692099282079347 15.9593501482173
0 64.4 1.898515753999245 16.030077326394796
0 64.6 1.8278215797905553 16.10080450457229
0 64.8 1.7571274055818655 16.171531682749787
0 65.0 1.6864332313731758 16.242258860927283
0 65.2 1.5712729200263498 16.35747293550655
0 65.4 1.6650639343290166 16.322785104267382
0 65.6 1.7588549486316833 16.288097273028214
0 65.8 1.8526459629343501 16.253409441789046
0 66.0 1.946436977237017 16.218721610549878
0 66.2 2.040227991539684 16.18403377931071
0 66.4 2.134019005842351 16.14934594807154
0 66.6 2.227810020145018 16.114658116832373
0 66.8 2.321601034447685 16.079970285593205
0 67.0 2.415392048750352 16.045282454354037
0 67.2 2.509183063053019 16.01059462311487
0 67.4 2.602974077355686 15.975906791875701
0 67.6 2.696765091658353 15.941218960636533
0 67.8 2.79055610596102 15.906531129397365
0 68.0 2.884347120263687 15.871843298158197
0 68.2 2.978138134566354 15.837155466919029
0 68.4 3.071929148869021 15.80246763567986
0 68.6 3.165720163171688 15.767779804440693
0 68.8 3.259511177474355 15.733091973201525
0 69.0 3.353302191777022 15.698404141962357
0 69.2 3.447093206079689 15.663716310723188
0 69.4 3.540884220382356 15.62902847948402
0 69.6 3.634675234685023 15.594340648244852
0 69.8 3.72846624898769 15.559652817005684
0 70.0 3.822257263290357 15.524964985766516
0 70.2 3.916048277593024 15.490277154527348
0 70.4 4.009839291895691 15.45558932328818
0 70.6 4.103630306198358 15.420901492049012
0 70.8 4.197421320501025 15.386213660809844
0 71.0 4.291212334803692 15.351525829570676
0 71.2 4.385003349106359 15.316837998331508
0 71.4 4.478794363409026 15.28215016709234
0 71.6 4.572585377711693 15.247462335853172
0 71.8 4.66637639201436 15.212774504614003
0 72.0 4.760167406317027 15.178086673374835
0 72.2 4.853958420619694 15.143398842135667
0 72.4 4.947749434922361 15.1087110108965
0 72.6 5.041540449225028 15.074023179657331
0 72.8 5.135331463527695 15.039335348418163
0 73.0 5.229122477830362 15.004647517178995
0 73.2 5.322913492133029 14.969959685939827
0 73.4 5.416704506435696 14.935271854700659
0 73.6 5.510495520738363 14.90058402346149
0 73.8 5.60428653504103 14.865896192222323
0 74.0 5.698077549343697 14.831208360983155
0 74.2 5.791868563646364 14.796520529743987
0 74.4 5.885659577949031 14.761832698504818
0 74.6 5.979450592251698 14.72714486726565
0 74.8 6.073241606554365 14.692457036026482
0 75.0 6.167032620857032 14.657769204787314
0 75.2 6.260823635159699 14.623081373548146
0 75.4 6.354614649462366 14.588393542308978
0 75.6 6.448405663765033 14.55370571106981
0 75.8 6.5421966780677 14.519017879830642
0 76.0 6.635987692370367 14.484330048591474
0 76.2 6.729778706673034 14.449642217352306
0 76.4 6.823569720975701 14.414954386113138
0 76.6 6.917360735278368 14.38026655487397
0 76.8 7.011151749581035 14.345578723634802
0 77.0 7.104942763883702 14.310890892395634
0 77.2 7.198733778186369 14.276203061156465
0 77.4 7.292524792489036 14.241515229917297
0 77.6 7.386315806791703 14.20682739867813
0 77.8 7.48010682109437 14.172139567438961
0 78.0 7.573897835397037 14.137451736199793
0 78.2 7.667688849699704 14.102763904960625
0 78.4 7.761479864002371 14.068076073721457
0 78.6 7.8552708783050385 14.033388242482289
0 78.8 7.9490618926077055 13.99870041124312
0 79.0 8.042852906910372 13.964012580003953
0 79.2 8.13664392121304 13.929324748764785
0 79.4 8.230434935515706 13.894636917525617
0 79.6 8.324225949818373 13.859949086286449
0 79.8 8.41801696412104 13.82526125504728
0 80.0 8.511807978423708 13.790573423808112
0 80.2 8.605598992726375 13.755885592568944
0 80.4 8.699390007029042 13.721197761329776
0 80.6 8.793181021331709 13.686509930090608
0 80.8 8.886972035634376 13.65182209885144
0 81.0 8.980763049937043 13.617134267612272
0 81.2 9.07455406423971 13.582446436373104
0 81.4 9.168345078542377 13.547758605133936
0 81.6 9.262136092845044 13.513070773894768
0 81.8 9.35592710714771 13.4783829426556
0 82.0 9.449718121450378 13.443695111416432
0 82.2 9.543509135753045 13.409007280177264
0 82.4 9.637300150055712 13.374319448938095
0 82.6 9.731091164358379 13.339631617698927
0 82.8 9.824882178661046 13.30494378645976
0 83.0 9.918673192963713 13.270255955220591
0 83.2 10.01246420726638 13.235568123981423
0 83.4 10.106255221569047 13.200880292742255
0 83.6 10.200046235871714 13.166192461503087
0 83.8 10.29383725017438 13.131504630263919
0 84.0 10.387628264477048 13.09681679902475
0 84.2 10.481419278779715 13.062128967785583
0 84.4 10.575210293082382 13.027441136546415
0 84.6 10.669001307385049 12.992753305307247
0 84.8 10.762792321687716 12.958065474068079
0 85.0 10.856583335990383 12.92337764282891
0 85.2 10.95037435029305 12.888689811589742
0 85.4 11.044165364595717 12.854001980350574
0 85.6 11.137956378898384 12.819314149111406
0 85.8 11.23174739320105 12.784626317872238
0 86.0 11.325538407503718 12.74993848663307
0 86.2 11.419329421806385 12.715250655393902
0 86.4 11.513120436109052 12.680562824154734
0 86.6 11.606911450411719 12.645874992915566
0 86.8 11.700702464714386 12.611187161676398
0 87.0 11.794493479017053 12.57649933043723
0 87.2 11.88828449331972 12.541811499198062
0 87.4 11.982075507622387 12.507123667958894
0 87.6 12.075866521925054 12.472435836719725
0 87.8 12.16965753622772 12.437748005480557
0 88.0 12.263448550530388 12.40306017424139
0 88.2 12.357239564833055 12.368372343002221
0 88.4 12.451030579135722 12.333684511763053
0 88.6 12.544821593438389 12.298996680523885
0 88.8 12.638612607741056 12.264308849284717
0 89.0 12.732403622043723 12.229621018045549
0 89.2 12.82619463634639 12.19493318680638
0 89.4 12.919985650649057 12.160245355567213
0 89.6 13.013776664951724 12.125557524328045
0 89.8 13.107567679254391 12.090869693088877
0 90.0 13.201358693557058 12.056181861849709
0 90.2 13.295149707859725 12.02149403061054
0 90.4 13.388940722162392 11.986806199371372
0 90.6 13.482731736465059 11.952118368132204
0 90.8 13.576522750767726 11.917430536893036
0 91.0 13.670313765070393 11.882742705653868
0 91.2 13.76410477937306 11.8480548744147
0 91.4 13.857895793675727 11.813367043175532
0 91.6 13.951686807978394 11.778679211936364
0 91.8 14.045477822281061 11.743991380697196
0 92.0 14.139268836583728 11.709303549458028
0 92.2 14.233059850886395 11.67461571821886
0 92.4 14.326850865189062 11.639927886979692
0 92.6 14.420641879491729 11.605240055740524
0 92.8 14.514432893794396 11.570552224501355
0 93.0 14.608223908097063 11.535864393262187
0 93.2 14.70201492239973 11.50117656202302
0 93.4 14.795805936702397 11.466488730783851
0 93.6 14.889596951005064 11.431800899544683
0 93.8 14.983387965307731 11.397113068305515
0 94.0 15.077178979610398 11.362425237066347
0 94.2 15.170969993913065 11.327737405827179
0 94.4 15.264761008215732 11.29304957458801
0 94.6 15.3585520225184 11.258361743348843
0 94.8 15.452343036821066 11.223673912109675
0 95.0 15.546134051123733 11.188986080870507
0 95.2 15.6399250654264 11.154298249631339
0 95.4 15.733716079729067 11.11961041839217
0 95.6 15.827507094031734 11.084922587153002
0 95.8 15.921298108334401 11.050234755913834
0 96.0 16.015089122637068 11.015546924674666
0 96.2 16.108880136939735 10.980859093435498
0 96.4 16.202671151242402 10.94617126219633
0 96.6 16.29646216554507 10.911483430957162
0 96.8 16.390253179847736 10.876795599717994
0 97.0 16.484044194150403 10.842107768478826
0 97.2 16.57783520845307 10.807419937239658
0 97.4 16.671626222755737 10.77273210600049
0 97.6 16.765417237058404 10.738044274761322
0 97.8 16.85920825136107 10.703356443522154
0 98.0 16.95299926566374 10.668668612282985
0 98.2 17.046790279966405 10.633980781043817
0 98.4 17.140581294269072 10.59929294980465
0 98.6 17.23437230857174 10.564605118565481
0 98.8 17.328163322874406 10.529917287326313
0 99.0 17.421954337177073 10.495229456087145
0 99.2 17.51574535147974 10.460541624847977
0 99.4 17.609536365782407 10.425853793608809
0 99.6 17.703327380085074 10.39116596236964
0 99.8 17.79711839438774 10.356478131130473
0 100.0 17.89090940869041 10.321790299891305
0 100.2 17.984700422993075 10.287102468652137
0 100.4 18.078491437295742 10.252414637412969
0 100.6 18.17228245159841 10.2177268061738
0 100.8 18.266073465901076 10.183038974934632
0 101.0 18.359864480203743 10.148351143695464
0 101.2 18.45365549450641 10.113663312456296
0 101.4 18.547446508809077 10.078975481217128
0 101.6 18.641237523111744 10.04428764997796
0 101.8 18.73502853741441 10.009599818738792
0 102.0 18.82881955171708 9.974911987499624
0 102.2 18.922610566019745 9.940224156260456
0 102.4 19.016401580322412 9.905536325021288
0 102.6 19.11019259462508 9.87084849378212
0 102.8 19.203983608927746 9.836160662542952
0 103.0 19.297774623230413 9.801472831303784
0 103.2 19.39156563753308 9.766785000064615
0 103.4 19.485356651835747 9.732097168825447
0 103.6 19.665738551310238 9.665384414580503
0 103.8 19.566504186196024 9.653033674506368
0 104.0 19.46726982108181 9.640682934432233
0 104.2 19.368035455967597 9.628332194358098
0 104.4 19.268801090853383 9.615981454283963
0 104.6 19.16956672573917 9.603630714209828
0 104.8 19.070332360624956 9.591279974135693
0 105.0 18.971097995510743 9.578929234061558
0 105.2 18.87186363039653 9.566578493987423
0 105.4 18.772629265282315 9.554227753913288
0 105.6 18.673394900168102 9.541877013839153
0 105.8 18.57416053505389 9.529526273765018
0 106.0 18.474926169939675 9.517175533690883
0 106.2 18.37569180482546 9.504824793616748
0 106.4 18.276457439711248 9.492474053542614
0 106.6 18.177223074597034 9.480123313468479
0 106.8 18.07798870948282 9.467772573394344
0 107.0 17.978754344368607 9.455421833320209
0 107.2 17.879519979254393 9.443071093246074
0 107.4 17.78028561414018 9.430720353171939
0 107.6 17.681051249025966 9.418369613097804
0 107.8 17.581816883911753 9.406018873023669
0 108.0 17.48258251879754 9.393668132949534
0 108.2 17.383348153683325 9.381317392875399
0 108.4 17.284113788569112 9.368966652801264
0 108.6 17.1848794234549 9.35661591272713
0 108.8 17.085645058340685 9.344265172652994
0 109.0 16.98641069322647 9.33191443257886
0 109.2 16.887176328112258 9.319563692504724
0 109.4 16.787941962998044 9.30721295243059
0 109.6 16.68870759788383 9.294862212356454
0 109.8 16.589473232769617 9.28251147228232
0 110.0 16.490238867655403 9.270160732208184
0 110.2 16.39100450254119 9.25780999213405
0 110.4 16.291770137426976 9.245459252059915
0 110.6 16.192535772312763 9.23310851198578
0 110.8 16.09330140719855 9.220757771911645
0 111.0 15.994067042084335 9.20840703183751
0 111.2 15.894832676970122 9.196056291763375
0 111.4 15.795598311855908 9.18370555168924
0 111.6 15.696363946741695 9.171354811615105
0 111.8 15.597129581627481 9.15900407154097
0 112.0 15.497895216513268 9.146653331466835
0 112.2 15.398660851399054 9.1343025913927
0 112.4 15.29942648628484 9.121951851318565
0 112.6 15.200192121170627 9.10960111124443
0 112.8 15.100957756056413 9.097250371170295
0 113.0 15.0017233909422 9.08489963109616
0 113.2 14.902489025827986 9.072548891022025
0 113.4 14.803254660713772 9.06019815094789
0 113.6 14.704020295599559 9.047847410873755
0 113.8 14.604785930485345 9.03549667079962
0 114.0 14.505551565371132 9.023145930725486
0 114.2 14.406317200256918 9.01079519065135
0 114.4 14.307082835142705 8.998444450577216
0 114.6 14.207848470028491 8.98609371050308
0 114.8 14.108614104914277 8.973742970428946
0 115.0 14.009379739800064 8.96139223035481
0 115.2 13.91014537468585 8.949041490280676
0 115.4 13.810911009571637 8.936690750206541
0 115.6 13.711676644457423 8.924340010132406
0 115.8 13.61244227934321 8.911989270058271
0 116.0 13.513207914228996 8.899638529984136
0 116.2 13.413973549114782 8.887287789910001
0 116.4 13.314739184000569 8.874937049835866
0 116.6 13.215504818886355 8.862586309761731
0 116.8 13.116270453772142 8.850235569687596
0 117.0 13.017036088657928 8.837884829613461
0 117.2 12.917801723543715 8.825534089539326
0 117.4 12.818567358429501 8.813183349465191
0 117.6 12.719332993315287 8.800832609391056
0 117.8 12.620098628201074 8.788481869316922
0 118.0 12.52086426308686 8.776131129242787
0 118.2 12.340629501186363 8.75369905448724
0 118.4 12.40736318637064 8.828174656275516
0 118.6 12.474096871554917 8.902650258063792
0 118.8 12.540830556739193 8.977125859852068
0 119.0 12.60756424192347 9.051601461640344
0 119.2 12.674297927107746 9.12607706342862
0 119.4 12.741031612292023 9.200552665216895
0 119.6 12.8077652974763 9.27502826700517
0 119.8 12.874498982660576 9.349503868793446
0 120.0 12.941232667844853 9.423979470581722
0 120.2 13.00796635302913 9.498455072369998
0 120.4 13.074700038213406 9.572930674158274
0 120.6 13.141433723397682 9.64740627594655
0 120.8 13.208167408581959 9.721881877734825
0 121.0 13.274901093766236 9.7963574795231
0 121.2 13.341634778950512 9.870833081311376
0 121.4 13.408368464134789 9.945308683099652
0 121.6 13.475102149319065 10.019784284887928
0 121.8 13.541835834503342 10.094259886676204
0 122.0 13.608569519687618 10.16873548846448
0 122.2 13.675303204871895 10.243211090252755
0 122.4 13.742036890056172 10.31768669204103
0 122.6 13.808770575240448 10.392162293829307
0 122.8 13.875504260424725 10.466637895617582
0 123.0 13.942237945609001 10.541113497405858
0 123.2 14.008971630793278 10.615589099194134
0 123.4 14.075705315977554 10.69006470098241
0 123.6 14.142439001161831 10.764540302770685
0 123.8 14.209172686346108 10.839015904558961
0 124.0 14.275906371530384 10.913491506347237
0 124.2 14.34264005671466 10.987967108135512
0 124.4 14.409373741898937 11.062442709923788
0 124.6 14.476107427083214 11.136918311712064
0 124.8 14.54284111226749 11.21139391350034
0 125.0 14.609574797451767 11.285869515288615
0 125.2 14.676308482636044 11.360345117076891
0 125.4 14.74304216782032 11.434820718865167
0 125.6 14.809775853004597 11.509296320653442
0 125.8 14.876509538188873 11.583771922441718
0 126.0 14.94324322337315 11.658247524229994
0 126.2 15.009976908557427 11.73272312601827
0 126.4 15.076710593741703 11.807198727806545
0 126.6 15.14344427892598 11.881674329594821
0 126.8 15.210177964110256 11.956149931383097
0 127.0 15.276911649294533 12.030625533171373
0 127.2 15.34364533447881 12.105101134959648
0 127.4 15.410379019663086 12.179576736747924
0 127.6 15.477112704847363 12.2540523385362
0 127.8 15.54384639003164 12.328527940324475
0 128.0 15.610580075215916 12.403003542112751
0 128.2 15.677313760400192 12.477479143901027
0 128.4 15.744047445584469 12.551954745689303
0 128.6 15.810781130768746 12.626430347477578
0 128.8 15.877514815953022 12.700905949265854
0 129.0 15.944248501137299 12.77538155105413
0 129.2 16.010982186321574 12.849857152842405
0 129.4 16.07771587150585 12.924332754630681
0 129.6 16.144449556690123 12.998808356418957
0 129.8 16.211183241874398 13.073283958207233
0 130.0 16.277916927058673 13.147759559995508
0 130.2 16.344650612242948 13.222235161783784
0 130.4 16.411384297427222 13.29671076357206
0 130.6 16.478117982611497 13.371186365360336
0 130.8 16.544851667795772 13.445661967148611
0 131.0 16.611585352980047 13.520137568936887
0 131.2 16.67831903816432 13.594613170725163
0 131.4 16.745052723348596 13.669088772513438
0 131.6 16.81178640853287 13.743564374301714
0 131.8 16.878520093717146 13.81803997608999
0 132.0 16.94525377890142 13.892515577878266
0 132.2 17.011987464085696 13.966991179666541
0 132.4 17.07872114926997 14.041466781454817
0 132.6 17.145454834454245 14.115942383243093
0 132.8 17.21218851963852 14.190417985031369
0 133.0 17.278922204822795 14.264893586819644
0 133.2 17.34565589000707 14.33936918860792
0 133.4 17.412389575191344 14.413844790396196
0 133.6 17.47912326037562 14.488320392184471
0 133.8 17.545856945559894 14.562795993972747
0 134.0 17.61259063074417 14.637271595761023
0 134.2 17.679324315928444 14.711747197549299
0 134.4 17.74605800111272 14.786222799337574
0 134.6 17.812791686296993 14.86069840112585
0 134.8 17.879525371481268 14.935174002914126
0 135.0 17.946259056665543 15.009649604702402
0 135.2 18.012992741849818 15.084125206490677
0 135.4 18.079726427034092 15.158600808278953
0 135.6 18.146460112218367 15.233076410067229
0 135.8 18.213193797402642 15.307552011855504
0 136.0 18.279927482586917 15.38202761364378
0 136.2 18.34666116777119 15.456503215432056
0 136.4 18.413394852955467 15.530978817220332
0 136.6 18.48012853813974 15.605454419008607
0 136.8 18.546862223324016 15.679930020796883
0 137.0 18.61359590850829 15.754405622585159
0 137.2 18.680329593692566 15.828881224373434
0 137.4 18.74706327887684 15.90335682616171
0 137.6 18.813796964061115 15.977832427949986
0 137.8 18.88053064924539 16.052308029738263
0 138.0 18.947264334429665 16.12678363152654
0 138.2 19.01399801961394 16.201259233314815
0 138.4 19.080731704798215 16.27573483510309
0 138.6 19.14746538998249 16.350210436891366
0 138.8 19.246655698601927 16.46090802395855
0 139.0 19.16598510661979 16.401812714590957
0 139.2 19.085314514637652 16.342717405223365
0 139.4 19.004643922655514 16.283622095855772
0 139.6 18.923973330673377 16.22452678648818
0 139.8 18.84330273869124 16.16543147712059
0 140.0 18.7626321467091 16.106336167752996
0 140.2 18.681961554726964 16.047240858385404
0 140.4 18.601290962744827 15.988145549017814
0 140.6 18.52062037076269 15.929050239650223
0 140.8 18.43994977878055 15.869954930282633
0 141.0 18.359279186798414 15.810859620915043
0 141.2 18.278608594816276 15.751764311547452
0 141.4 18.19793800283414 15.692669002179862
0 141.6 18.117267410852 15.633573692812272
0 141.8 18.036596818869864 15.574478383444681
0 142.0 17.955926226887726 15.515383074077091
0 142.2 17.87525563490559 15.4562877647095
0 142.4 17.79458504292345 15.39719245534191
0 142.6 17.713914450941314 15.33809714597432
0 142.8 17.633243858959176 15.27900183660673
0 143.0 17.55257326697704 15.21990652723914
0 143.2 17.4719026749949 15.160811217871549
0 143.4 17.391232083012763 15.101715908503959
0 143.6 17.310561491030626 15.042620599136368
0 143.8 17.22989089904849 14.983525289768778
0 144.0 17.14922030706635 14.924429980401188
0 144.2 17.068549715084213 14.865334671033597
0 144.4 16.987879123102076 14.806239361666007
0 144.6 16.907208531119938 14.747144052298417
0 144.8 16.8265379391378 14.688048742930826
0 145.0 16.745867347155663 14.628953433563236
0 145.2 16.665196755173525 14.569858124195646
0 145.4 16.584526163191388 14.510762814828055
0 145.6 16.50385557120925 14.451667505460465
0 145.8 16.423184979227113 14.392572196092875
0 146.0 16.342514387244975 14.333476886725284
0 146.2 16.261843795262838 14.274381577357694
0 146.4 16.1811732032807 14.215286267990104
0 146.6 16.100502611298563 14.156190958622513
0 146.8 16.019832019316425 14.097095649254923
0 147.0 15.939161427334286 14.038000339887333
0 147.2 15.858490835352146 13.978905030519742
0 147.4 15.777820243370007 13.919809721152152
0 147.6 15.697149651387868 13.860714411784562
0 147.8 15.616479059405728 13.801619102416971
0 148.0 15.535808467423589 13.742523793049381
0 148.2 15.45513787544145 13.68342848368179
0 148.4 15.37446728345931 13.6243331743142
0 148.6 15.293796691477171 13.56523786494661
0 148.8 15.213126099495032 13.50614255557902
0 149.0 15.132455507512892 13.44704724621143
0 149.2 15.051784915530753 13.387951936843839
0 149.4 14.971114323548614 13.328856627476249
0 149.6 14.890443731566474 13.269761318108658
0 149.8 14.809773139584335 13.210666008741068
0 150.0 14.729102547602196 13.151570699373478
0 150.2 14.648431955620056 13.092475390005887
0 150.4 14.567761363637917 13.033380080638297
0 150.6 14.487090771655778 12.974284771270707
0 150.8 14.406420179673638 12.915189461903116
0 151.0 14.325749587691499 12.856094152535526
0 151.2 14.24507899570936 12.796998843167936
0 151.4 14.16440840372722 12.737903533800345
0 151.6 14.083737811745081 12.678808224432755
0 151.8 14.003067219762942 12.619712915065165
0 152.0 13.922396627780802 12.560617605697574
0 152.2 13.841726035798663 12.501522296329984
0 152.4 13.761055443816524 12.442426986962394
0 152.6 13.680384851834384 12.383331677594803
0 152.8 13.599714259852245 12.324236368227213
0 153.0 13.519043667870106 12.265141058859623
0 153.2 13.438373075887966 12.206045749492032
0 153.4 13.357702483905827 12.146950440124442
0 153.6 13.277031891923688 12.087855130756852
0 153.8 13.196361299941548 12.028759821389261
0 154.0 13.11569070795941 11.969664512021671
0 154.2 13.03502011597727 11.91056920265408
0 154.4 12.95434952399513 11.85147389328649
0 154.6 12.873678932012991 11.7923785839189
0 154.8 12.793008340030852 11.73328327455131
0 155.0 12.712337748048713 11.67418796518372
0 155.2 12.631667156066573 11.61509265581613
0 155.4 12.550996564084434 11.555997346448539
0 155.6 12.470325972102295 11.496902037080948
0 155.8 12.389655380120155 11.437806727713358
0 156.0 12.308984788138016 11.378711418345768
0 156.2 12.228314196155877 11.319616108978177
0 156.4 12.147643604173737 11.260520799610587
0 156.6 12.066973012191598 11.201425490242997
0 156.8 11.986302420209459 11.142330180875406
0 157.0 11.90563182822732 11.083234871507816
0 157.2 11.82496123624518 11.024139562140226
0 157.4 11.74429064426304 10.965044252772636
0 157.6 11.663620052280901 10.905948943405045
0 157.8 11.582949460298762 10.846853634037455
0 158.0 11.502278868316623 10.787758324669865
0 158.2 11.421608276334483 10.728663015302274
0 158.4 11.340937684352344 10.669567705934684
0 158.6 11.260267092370205 10.610472396567094
0 158.8 11.179596500388065 10.551377087199503
0 159.0 11.098925908405926 10.492281777831913
0 159.2 11.018255316423787 10.433186468464323
0 159.4 10.937584724441647 10.374091159096732
0 159.6 10.856914132459508 10.314995849729142
0 159.8 10.738297583617056 10.228103198048622
