2 0 19.5340994707 8.18051594958
3 0 1.83057194752 13.6960610965
4 0 7.40326185199 3.21394978676
5 0 1.65173415121 2.78436349761
6 0 13.2146348415 15.4229755204
7 0 14.0369007075 6.02858088189
8 0 19.6068776552 0.311638344618
9 0 5.34852539892 12.3374979399
10 0 14.3906012269 11.7285302287
11 0 7.30360182296 13.9605061243
12 0 8.7656912216 3.06651301632
13 0 10.1271369642 8.52020349389
14 0 6.67917762316 18.9950949623
15 0 15.7350303379 12.0519844262
16 0 11.5658612554 16.2515513546
17 0 16.4747791235 17.036317485
18 0 14.3352876659 15.9666676283
19 0 8.40842429852 17.0854188503
20 0 5.55681138209 11.1261853668
21 0 7.33292840898 19.1777425965
22 0 2.88759281013 13.597038881
23 0 8.95501604034 4.81730329455
24 0 2.64744024049 5.36221949222
25 0 0.664721807116 6.12993991087
26 0 4.13704363138 6.68060499806
1 0 10 10
0 0.0 10.950102305865771 0.5533884384006498
0 0.2 11.049345612915266 0.5656671193509674
0 0.4 11.14858891996476 0.577945800301285
0 0.6 11.247832227014255 0.5902244812516025
0 0.8 11.34707553406375 0.6025031622019201
0 1.0 11.446318841113245 0.6147818431522377
0 1.2 11.54556214816274 0.6270605241025553
0 1.4 11.644805455212234 0.6393392050528729
0 1.6 11.744048762261729 0.6516178860031905
0 1.8 11.843292069311223 0.6638965669535081
0 2.0 11.942535376360718 0.6761752479038257
0 2.2 12.041778683410213 0.6884539288541432
0 2.4 12.141021990459707 0.7007326098044608
0 2.6 12.240265297509202 0.7130112907547784
0 2.8 12.339508604558697 0.725289971705096
0 3.0 12.438751911608191 0.7375686526554136
0 3.2 12.537995218657686 0.7498473336057312
0 3.4 12.63723852570718 0.7621260145560488
0 3.6 12.736481832756676 0.7744046955063664
0 3.8 12.83572513980617 0.786683376456684
0 4.0 12.934968446855665 0.7989620574070015
0 4.2 13.03421175390516 0.8112407383573191
0 4.4 13.133455060954654 0.8235194193076367
0 4.6 13.232698368004149 0.8357981002579543
0 4.8 13.331941675053644 0.8480767812082719
0 5.0 13.431184982103138 0.8603554621585895
0 5.2 13.530428289152633 0.8726341431089071
0 5.4 13.629671596202128 0.8849128240592247
0 5.6 13.728914903251622 0.8971915050095423
0 5.8 13.828158210301117 0.9094701859598598
0 6.0 13.927401517350612 0.9217488669101774
0 6.2 14.026644824400107 0.934027547860495
0 6.4 14.125888131449601 0.9463062288108126
0 6.6 14.256345918540001 0.9624468592753788
0 6.8 14.225299919896456 1.0575055041648624
0 7.0 14.19425392125291 1.1525641490543461
0 7.2 14.163207922609365 1.2476227939438298
0 7.4 14.13216192396582 1.3426814388333135
0 7.6 14.101115925322274 1.4377400837227972
0 7.8 14.070069926678729 1.5327987286122808
0 8.0 14.039023928035183 1.6278573735017645
0 8.2 14.007977929391638 1.7229160183912482
0 8.4 13.976931930748092 1.8179746632807319
0 8.6 13.945885932104547 1.9130333081702156
0 8.8 13.914839933461002 2.0080919530596995
0 9.0 13.883793934817456 2.1031505979491834
0 9.2 13.85274793617391 2.1982092428386673
0 9.4 13.821701937530365 2.293267887728151
0 9.6 13.79065593888682 2.388326532617635
0 9.8 13.759609940243275 2.483385177507119
0 10.0 13.72856394159973 2.578443822396603
0 10.2 13.697517942956184 2.6735024672860868
0 10.4 13.666471944312638 2.7685611121755707
0 10.6 13.635425945669093 2.8636197570650546
0 10.8 13.604379947025548 2.9586784019545385
0 11.0 13.573333948382002 3.0537370468440224
0 11.2 13.542287949738457 3.1487956917335063
0 11.4 13.511241951094911 3.24385433662299
0 11.6 13.480195952451366 3.338912981512474
0 11.8 13.44914995380782 3.433971626401958
0 12.0 13.418103955164275 3.529030271291442
0 12.2 13.38705795652073 3.6240889161809258
0 12.4 13.356011957877184 3.7191475610704097
0 12.6 13.324965959233639 3.8142062059598936
0 12.8 13.293919960590094 3.9092648508493775
0 13.0 13.262873961946548 4.004323495738861
0 13.2 13.231827963303003 4.099382140628345
0 13.4 13.200781964659457 4.194440785517829
0 13.6 13.169735966015912 4.289499430407313
0 13.8 13.138689967372366 4.3845580752967965
0 14.0 13.107643968728821 4.47961672018628
0 14.2 13.076597970085276 4.574675365075764
0 14.4 13.04555197144173 4.669734009965248
0 14.6 13.014505972798185 4.764792654854732
0 14.8 12.98345997415464 4.859851299744216
0 15.0 12.952413975511094 4.9549099446337
0 15.2 12.921367976867549 5.049968589523184
0 15.4 12.890321978224003 5.145027234412668
0 15.6 12.859275979580458 5.240085879302152
0 15.8 12.828229980936912 5.3351445241916355
0 16.0 12.797183982293367 5.430203169081119
0 16.2 12.766137983649822 5.525261813970603
0 16.4 12.735091985006276 5.620320458860087
0 16.6 12.70404598636273 5.715379103749571
0 16.8 12.672999987719185 5.810437748639055
0 17.0 12.64195398907564 5.905496393528539
0 17.2 12.610907990432095 6.000555038418023
0 17.4 12.57986199178855 6.095613683307507
0 17.6 12.548815993145004 6.190672328196991
0 17.8 12.517769994501458 6.2857309730864745
0 18.0 12.486723995857913 6.3807896179759584
0 18.2 12.455677997214368 6.475848262865442
0 18.4 12.424631998570822 6.570906907754926
0 18.6 12.393585999927277 6.66596555264441
0 18.8 12.362540001283731 6.761024197533894
0 19.0 12.331494002640186 6.856082842423378
0 19.2 12.30044800399664 6.951141487312862
0 19.4 12.269402005353095 7.046200132202346
0 19.6 12.23835600670955 7.14125877709183
0 19.8 12.207310008066004 7.236317421981314
0 20.0 12.176264009422459 7.3313760668707975
0 20.2 12.145218010778914 7.426434711760281
0 20.4 12.114172012135368 7.521493356649765
0 20.6 12.083126013491823 7.616552001539249
0 20.8 12.052080014848277 7.711610646428733
0 21.0 12.021034016204732 7.806669291318217
0 21.2 11.989988017561187 7.901727936207701
0 21.4 11.958942018917641 7.996786581097185
0 21.6 11.927896020274096 8.091845225986669
0 21.8 11.89685002163055 8.186903870876153
0 22.0 11.865804022987005 8.281962515765636
0 22.2 11.83475802434346 8.37702116065512
0 22.4 11.803712025699914 8.472079805544604
0 22.6 11.772666027056369 8.567138450434088
0 22.8 11.741620028412823 8.662197095323572
0 23.0 11.710574029769278 8.757255740213056
0 23.2 11.679528031125733 8.85231438510254
0 23.4 11.648482032482187 8.947373029992024
0 23.6 11.617436033838642 9.042431674881508
0 23.8 11.586390035195096 9.137490319770992
0 24.0 11.555344036551551 9.232548964660475
0 24.2 11.524298037908006 9.32760760954996
0 24.4 11.49325203926446 9.422666254439443
0 24.6 11.462206040620915 9.517724899328927
0 24.8 11.43116004197737 9.612783544218411
0 25.0 11.400114043333824 9.707842189107895
0 25.2 11.369068044690279 9.802900833997379
0 25.4 11.338022046046733 9.897959478886863
0 25.6 11.306976047403188 9.993018123776347
0 25.8 11.275930048759642 10.08807676866583
0 26.0 11.244884050116097 10.183135413555314
0 26.2 11.213838051472552 10.278194058444798
0 26.4 11.182792052829006 10.373252703334282
0 26.6 11.15174605418546 10.468311348223766
0 26.8 11.120700055541915 10.56336999311325
0 27.0 11.08965405689837 10.658428638002734
0 27.2 11.058608058254825 10.753487282892218
0 27.4 11.027562059611279 10.848545927781702
0 27.6 10.996516060967734 10.943604572671186
0 27.8 10.965470062324188 11.03866321756067
0 28.0 10.934424063680643 11.133721862450153
0 28.2 10.903378065037097 11.228780507339637
0 28.4 10.872332066393552 11.323839152229121
0 28.6 10.841286067750007 11.418897797118605
0 28.8 10.810240069106461 11.513956442008089
0 29.0 10.779194070462916 11.609015086897573
0 29.2 10.74814807181937 11.704073731787057
0 29.4 10.717102073175825 11.79913237667654
0 29.6 10.68605607453228 11.894191021566025
0 29.8 10.655010075888734 11.989249666455509
0 30.0 10.623964077245189 12.084308311344993
0 30.2 10.592918078601643 12.179366956234476
0 30.4 10.561872079958098 12.27442560112396
0 30.6 10.530826081314553 12.369484246013444
0 30.8 10.499780082671007 12.464542890902928
0 31.0 10.468734084027462 12.559601535792412
0 31.2 10.437688085383916 12.654660180681896
0 31.4 10.406642086740371 12.74971882557138
0 31.6 10.375596088096826 12.844777470460864
0 31.8 10.34455008945328 12.939836115350348
0 32.0 10.313504090809735 13.034894760239832
0 32.2 10.28245809216619 13.129953405129315
0 32.4 10.251412093522644 13.2250120500188
0 32.6 10.220366094879099 13.320070694908283
0 32.8 10.189320096235553 13.415129339797767
0 33.0 10.158274097592008 13.510187984687251
0 33.2 10.127228098948462 13.605246629576735
0 33.4 10.096182100304917 13.700305274466219
0 33.6 10.065136101661372 13.795363919355703
0 33.8 10.034090103017826 13.890422564245187
0 34.0 10.00304410437428 13.98548120913467
0 34.2 9.971998105730735 14.080539854024154
0 34.4 9.94095210708719 14.175598498913638
0 34.6 9.909906108443645 14.270657143803122
0 34.8 9.8788601098001 14.365715788692606
0 35.0 9.847814111156554 14.46077443358209
0 35.2 9.816768112513008 14.555833078471574
0 35.4 9.785722113869463 14.650891723361058
0 35.6 9.754676115225918 14.745950368250542
0 35.8 9.723630116582372 14.841009013140026
0 36.0 9.692584117938827 14.93606765802951
0 36.2 9.661538119295281 15.031126302918993
0 36.4 9.630492120651736 15.126184947808477
0 36.6 9.59944612200819 15.221243592697961
0 36.8 9.568400123364645 15.316302237587445
0 37.0 9.5373541247211 15.411360882476929
0 37.2 9.506308126077554 15.506419527366413
0 37.4 9.475262127434009 15.601478172255897
0 37.6 9.444216128790464 15.69653681714538
0 37.8 9.410760788850105 15.798972538912885
0 38.0 9.363632202566142 15.710774487036014
0 38.2 9.31650361628218 15.622576435159143
0 38.4 9.269375029998217 15.534378383282272
0 38.6 9.222246443714255 15.446180331405401
0 38.8 9.175117857430292 15.35798227952853
0 39.0 9.12798927114633 15.269784227651659
0 39.2 9.080860684862367 15.181586175774788
0 39.4 9.033732098578405 15.093388123897917
0 39.6 8.986603512294442 15.005190072021046
0 39.8 8.93947492601048 14.916992020144175
0 40.0 8.892346339726517 14.828793968267304
0 40.2 8.845217753442554 14.740595916390433
0 40.4 8.798089167158592 14.652397864513562
0 40.6 8.75096058087463 14.56419981263669
0 40.8 8.703831994590667 14.47600176075982
0 41.0 8.656703408306704 14.387803708882949
0 41.2 8.609574822022742 14.299605657006078
0 41.4 8.56244623573878 14.211407605129207
0 41.6 8.515317649454817 14.123209553252336
0 41.8 8.468189063170854 14.035011501375465
0 42.0 8.421060476886892 13.946813449498594
0 42.2 8.373931890602929 13.858615397621723
0 42.4 8.326803304318966 13.770417345744852
0 42.6 8.279674718035004 13.68221929386798
0 42.8 8.232546131751041 13.59402124199111
0 43.0 8.185417545467079 13.505823190114238
0 43.2 8.138288959183116 13.417625138237367
0 43.4 8.091160372899154 13.329427086360496
0 43.6 8.044031786615191 13.241229034483625
0 43.8 7.996903200331229 13.153030982606754
0 44.0 7.949774614047266 13.064832930729883
0 44.2 7.9026460277633035 12.976634878853012
0 44.4 7.855517441479341 12.888436826976141
0 44.6 7.808388855195378 12.80023877509927
0 44.8 7.761260268911416 12.7120407232224
0 45.0 7.714131682627453 12.623842671345528
0 45.2 7.667003096343491 12.535644619468657
0 45.4 7.619874510059528 12.447446567591786
0 45.6 7.572745923775566 12.359248515714915
0 45.8 7.525617337491603 12.271050463838044
0 46.0 7.478488751207641 12.182852411961173
0 46.2 7.431360164923678 12.094654360084302
0 46.4 7.3842315786397155 12.006456308207431
0 46.6 7.337102992355753 11.91825825633056
0 46.8 7.28997440607179 11.830060204453689
0 47.0 7.242845819787828 11.741862152576818
0 47.2 7.195717233503865 11.653664100699947
0 47.4 7.148588647219903 11.565466048823076
0 47.6 7.10146006093594 11.477267996946205
0 47.8 7.054331474651978 11.389069945069334
0 48.0 7.007202888368015 11.300871893192463
0 48.2 6.9600743020840525 11.212673841315592
0 48.4 6.91294571580009 11.124475789438721
0 48.6 6.865817129516127 11.03627773756185
0 48.8 6.818688543232165 10.948079685684979
0 49.0 6.771559956948202 10.859881633808108
0 49.2 6.72443137066424 10.771683581931237
0 49.4 6.677302784380277 10.683485530054366
0 49.6 6.630174198096315 10.595287478177495
0 49.8 6.583045611812352 10.507089426300624
0 50.0 6.53591702552839 10.418891374423753
0 50.2 6.446814214157617 10.252141318899039
0 50.4 6.50756202703234 10.331574959322587
0 50.6 6.568309839907063 10.411008599746136
0 50.8 6.629057652781786 10.490442240169685
0 51.0 6.68980546565651 10.569875880593234
0 51.2 6.750553278531233 10.649309521016782
0 51.4 6.811301091405956 10.728743161440331
0 51.6 6.872048904280679 10.80817680186388
0 51.8 6.932796717155402 10.887610442287428
0 52.0 6.9935445300301256 10.967044082710977
0 52.2 7.054292342904849 11.046477723134526
0 52.4 7.115040155779572 11.125911363558075
0 52.6 7.175787968654295 11.205345003981623
0 52.8 7.236535781529018 11.284778644405172
0 53.0 7.2972835944037415 11.36421228482872
0 53.2 7.358031407278465 11.44364592525227
0 53.4 7.418779220153188 11.523079565675818
0 53.6 7.479527033027911 11.602513206099367
0 53.8 7.540274845902634 11.681946846522916
0 54.0 7.6010226587773575 11.761380486946464
0 54.2 7.661770471652081 11.840814127370013
0 54.4 7.722518284526804 11.920247767793562
0 54.6 7.783266097401527 11.99968140821711
0 54.8 7.84401391027625 12.07911504864066
0 55.0 7.9047617231509735 12.158548689064208
0 55.2 7.965509536025697 12.237982329487757
0 55.4 8.02625734890042 12.317415969911305
0 55.6 8.087005161775144 12.396849610334854
0 55.8 8.147752974649867 12.476283250758403
0 56.0 8.20850078752459 12.555716891181952
0 56.2 8.269248600399314 12.6351505316055
0 56.4 8.329996413274037 12.71458417202905
0 56.6 8.39074422614876 12.794017812452598
0 56.8 8.451492039023483 12.873451452876147
0 57.0 8.512239851898206 12.952885093299695
0 57.2 8.57298766477293 13.032318733723244
0 57.4 8.633735477647653 13.111752374146793
0 57.6 8.694483290522376 13.191186014570341
0 57.8 8.755231103397099 13.27061965499389
0 58.0 8.815978916271822 13.350053295417439
0 58.2 8.876726729146545 13.429486935840988
0 58.4 8.937474542021269 13.508920576264536
0 58.6 8.998222354895992 13.588354216688085
0 58.8 9.058970167770715 13.667787857111634
0 59.0 9.119717980645438 13.747221497535183
0 59.2 9.193128840127374 13.84321329607606
0 59.4 9.273878211519767 13.902200913587986
0 59.6 9.35462758291216 13.961188531099912
0 59.8 9.435376954304553 14.020176148611839
0 60.0 9.516126325696947 14.079163766123765
0 60.2 9.59687569708934 14.138151383635691
0 60.4 9.677625068481733 14.197139001147617
0 60.6 9.758374439874126 14.256126618659543
0 60.8 9.83912381126652 14.31511423617147
0 61.0 9.919873182658913 14.374101853683396
0 61.2 10.000622554051306 14.433089471195322
0 61.4 10.0813719254437 14.492077088707248
0 61.6 10.162121296836093 14.551064706219174
0 61.8 10.242870668228486 14.6100523237311
0 62.0 10.323620039620879 14.669039941243026
0 62.2 10.404369411013272 14.728027558754953
0 62.4 10.485118782405666 14.787015176266879
0 62.6 10.565868153798059 14.846002793778805
0 62.8 10.646617525190452 14.904990411290731
0 63.0 10.727366896582845 14.963978028802657
0 63.2 10.808116267975239 15.022965646314583
0 63.4 10.888865639367632 15.08195326382651
0 63.6 10.969615010760025 15.140940881338436
0 63.8 11.050364382152418 15.199928498850362
0 64.0 11.131113753544811 15.258916116362288
0 64.2 11.211863124937205 15.317903733874214
0 64.4 11.292612496329598 15.37689135138614
0 64.6 11.373361867721991 15.435878968898066
0 64.8 11.454111239114384 15.494866586409993
0 65.0 11.534860610506778 15.553854203921919
0 65.2 11.615609981899171 15.612841821433845
0 65.4 11.696359353291564 15.671829438945771
0 65.6 11.777108724683957 15.730817056457697
0 65.8 11.85785809607635 15.789804673969623
0 66.0 12.001599121420588 15.894807852044826
0 66.2 11.962898156147897 15.802600285723173
0 66.4 11.924197190875207 15.71039271940152
0 66.6 11.885496225602516 15.618185153079867
0 66.8 11.846795260329825 15.525977586758215
0 67.0 11.808094295057135 15.433770020436562
0 67.2 11.769393329784444 15.341562454114909
0 67.4 11.730692364511754 15.249354887793256
0 67.6 11.691991399239063 15.157147321471603
0 67.8 11.653290433966372 15.06493975514995
0 68.0 11.614589468693682 14.972732188828298
0 68.2 11.575888503420991 14.880524622506645
0 68.4 11.5371875381483 14.788317056184992
0 68.6 11.49848657287561 14.696109489863339
0 68.8 11.45978560760292 14.603901923541686
0 69.0 11.421084642330229 14.511694357220033
0 69.2 11.382383677057538 14.41948679089838
0 69.4 11.343682711784847 14.327279224576728
0 69.6 11.304981746512157 14.235071658255075
0 69.8 11.266280781239466 14.142864091933422
0 70.0 11.227579815966775 14.05065652561177
0 70.2 11.188878850694085 13.958448959290116
0 70.4 11.150177885421394 13.866241392968464
0 70.6 11.111476920148704 13.77403382664681
0 70.8 11.072775954876013 13.681826260325158
0 71.0 11.034074989603322 13.589618694003505
0 71.2 10.995374024330632 13.497411127681852
0 71.4 10.956673059057941 13.4052035613602
0 71.6 10.91797209378525 13.312995995038547
0 71.8 10.87927112851256 13.220788428716894
0 72.0 10.84057016323987 13.128580862395241
0 72.2 10.801869197967179 13.036373296073588
0 72.4 10.763168232694488 12.944165729751935
0 72.6 10.724467267421797 12.851958163430282
0 72.8 10.685766302149107 12.75975059710863
0 73.0 10.647065336876416 12.667543030786977
0 73.2 10.608364371603725 12.575335464465324
0 73.4 10.569663406331035 12.483127898143671
0 73.6 10.530962441058344 12.390920331822018
0 73.8 10.492261475785654 12.298712765500365
0 74.0 10.453560510512963 12.206505199178713
0 74.2 10.414859545240272 12.11429763285706
0 74.4 10.376158579967582 12.022090066535407
0 74.6 10.337457614694891 11.929882500213754
0 74.8 10.2987566494222 11.837674933892101
0 75.0 10.26005568414951 11.745467367570448
0 75.2 10.22135471887682 11.653259801248796
0 75.4 10.182653753604129 11.561052234927143
0 75.6 10.143952788331438 11.46884466860549
0 75.8 10.105251823058747 11.376637102283837
0 76.0 10.066550857786057 11.284429535962184
0 76.2 10.027849892513366 11.192221969640531
0 76.4 9.989148927240675 11.100014403318879
0 76.6 9.950447961967985 11.007806836997226
0 76.8 9.911746996695294 10.915599270675573
0 77.0 9.873046031422604 10.82339170435392
0 77.2 9.834345066149913 10.731184138032267
0 77.4 9.795644100877222 10.638976571710614
0 77.6 9.756943135604532 10.546769005388962
0 77.8 9.718242170331841 10.454561439067309
0 78.0 9.67954120505915 10.362353872745656
0 78.2 9.64084023978646 10.270146306424003
0 78.4 9.60213927451377 10.17793874010235
0 78.6 9.563438309241079 10.085731173780697
0 78.8 9.524737343968388 9.993523607459045
0 79.0 9.486036378695697 9.901316041137392
0 79.2 9.447335413423007 9.809108474815739
0 79.4 9.408634448150316 9.716900908494086
0 79.6 9.369933482877626 9.624693342172433
0 79.8 9.331232517604935 9.53248577585078
0 80.0 9.292531552332244 9.440278209529128
0 80.2 9.253830587059554 9.348070643207475
0 80.4 9.215129621786863 9.255863076885822
0 80.6 9.176428656514172 9.163655510564169
0 80.8 9.137727691241482 9.071447944242516
0 81.0 9.099026725968791 8.979240377920863
0 81.2 9.0603257606961 8.88703281159921
0 81.4 9.02162479542341 8.794825245277558
0 81.6 8.98292383015072 8.702617678955905
0 81.8 8.944222864878029 8.610410112634252
0 82.0 8.905521899605338 8.5182025463126
0 82.2 8.866820934332647 8.425994979990946
0 82.4 8.828119969059957 8.333787413669294
0 82.6 8.789419003787266 8.24157984734764
0 82.8 8.750718038514576 8.149372281025988
0 83.0 8.712017073241885 8.057164714704335
0 83.2 8.673316107969194 7.964957148382682
0 83.4 8.634615142696504 7.872749582061029
0 83.6 8.595914177423813 7.7805420157393765
0 83.8 8.557213212151122 7.688334449417724
0 84.0 8.518512246878432 7.596126883096071
0 84.2 8.479811281605741 7.503919316774418
0 84.4 8.44111031633305 7.411711750452765
0 84.6 8.40240935106036 7.319504184131112
0 84.8 8.36370838578767 7.2272966178094595
0 85.0 8.325007420514979 7.135089051487807
0 85.2 8.286306455242288 7.042881485166154
0 85.4 8.247605489969597 6.950673918844501
0 85.6 8.208904524696907 6.858466352522848
0 85.8 8.170203559424216 6.766258786201195
0 86.0 8.131502594151526 6.6740512198795425
0 86.2 8.092801628878835 6.58184365355789
0 86.4 8.054100663606144 6.489636087236237
0 86.6 8.015399698333454 6.397428520914584
0 86.8 7.976698733060763 6.305220954592931
0 87.0 7.937997767788072 6.213013388271278
0 87.2 7.899296802515382 6.1208058219496255
0 87.4 7.860595837242691 6.028598255627973
0 87.6 7.8218948719700006 5.93639068930632
0 87.8 7.78319390669731 5.844183122984667
0 88.0 7.744492941424619 5.751975556663014
0 88.2 7.705791976151929 5.659767990341361
0 88.4 7.667091010879238 5.5675604240197085
0 88.6 7.628390045606547 5.475352857698056
0 88.8 7.589689080333857 5.383145291376403
0 89.0 7.550988115061166 5.29093772505475
0 89.2 7.512287149788476 5.198730158733097
0 89.4 7.473586184515785 5.106522592411444
0 89.6 7.434885219243094 5.0143150260897915
0 89.8 7.396184253970404 4.922107459768139
0 90.0 7.357483288697713 4.829899893446486
0 90.2 7.318782323425022 4.737692327124833
0 90.4 7.280081358152332 4.64548476080318
0 90.6 7.241380392879641 4.553277194481527
0 90.8 7.202679427606951 4.4610696281598745
0 91.0 7.16397846233426 4.368862061838222
0 91.2 7.125277497061569 4.276654495516569
0 91.4 7.086576531788879 4.184446929194916
0 91.6 7.047875566516188 4.092239362873263
0 91.8 7.0091746012434974 4.00003179655161
0 92.0 6.970473635970807 3.907824230229958
0 92.2 6.931772670698116 3.8156166639083056
0 92.4 6.893071705425426 3.723409097586653
0 92.6 6.854370740152735 3.631201531265001
0 92.8 6.815669774880044 3.5389939649433484
0 93.0 6.776968809607354 3.446786398621696
0 93.2 6.738267844334663 3.3545788323000436
0 93.4 6.6995668790619725 3.262371265978391
0 93.6 6.660865913789282 3.170163699656739
0 93.8 6.622164948516591 3.0779561333350864
0 94.0 6.583463983243901 2.985748567013434
0 94.2 6.54476301797121 2.8935410006917817
0 94.4 6.506062052698519 2.8013334343701293
0 94.6 6.467361087425829 2.709125868048477
0 94.8 6.428660122153138 2.6169183017268245
0 95.0 6.3899591568804475 2.524710735405172
0 95.2 6.351258191607757 2.4325031690835197
0 95.4 6.312557226335066 2.3402956027618673
0 95.6 6.273856261062376 2.248088036440215
0 95.8 6.235155295789685 2.1558804701185625
0 96.0 6.177331139248983 2.0181106571011176
0 96.2 6.147527994153059 2.113566262187416
0 96.4 6.117724849057135 2.209021867273714
0 96.6 6.087921703961211 2.3044774723600123
0 96.8 6.058118558865287 2.3999330774463106
0 97.0 6.028315413769363 2.495388682532609
0 97.2 5.998512268673439 2.590844287618907
0 97.4 5.968709123577515 2.6862998927052053
0 97.6 5.938905978481591 2.7817554977915036
0 97.8 5.909102833385667 2.877211102877802
0 98.0 5.879299688289743 2.9726667079641
0 98.2 5.849496543193819 3.0681223130503983
0 98.4 5.819693398097895 3.1635779181366965
0 98.6 5.789890253001971 3.2590335232229948
0 98.8 5.760087107906047 3.354489128309293
0 99.0 5.730283962810123 3.4499447333955913
0 99.2 5.700480817714199 3.5454003384818895
0 99.4 5.670677672618275 3.6408559435681878
0 99.6 5.640874527522351 3.736311548654486
0 99.8 5.611071382426427 3.8317671537407842
0 100.0 5.581268237330503 3.9272227588270825
0 100.2 5.551465092234579 4.02267836391338
0 100.4 5.521661947138655 4.118133968999679
0 100.6 5.4918588020427315 4.213589574085978
0 100.8 5.4620556569468075 4.309045179172276
0 101.0 5.4322525118508835 4.404500784258575
0 101.2 5.40244936675496 4.499956389344874
0 101.4 5.372646221659036 4.595411994431172
0 101.6 5.342843076563112 4.690867599517471
0 101.8 5.313039931467188 4.78632320460377
0 102.0 5.283236786371264 4.8817788096900685
0 102.2 5.25343364127534 4.977234414776367
0 102.4 5.223630496179416 5.072690019862666
0 102.6 5.193827351083492 5.168145624948965
0 102.8 5.164024205987568 5.263601230035263
0 103.0 5.134221060891644 5.359056835121562
0 103.2 5.10441791579572 5.454512440207861
0 103.4 5.074614770699796 5.549968045294159
0 103.6 5.044811625603872 5.645423650380458
0 103.8 5.015008480507948 5.740879255466757
0 104.0 4.985205335412024 5.836334860553055
0 104.2 4.9554021903161 5.931790465639354
0 104.4 4.925599045220176 6.027246070725653
0 104.6 4.895795900124252 6.1227016758119515
0 104.8 4.865992755028328 6.21815728089825
0 105.0 4.836189609932404 6.313612885984549
0 105.2 4.80638646483648 6.4090684910708475
0 105.4 4.776583319740556 6.504524096157146
0 105.6 4.746780174644632 6.599979701243445
0 105.8 4.716977029548708 6.695435306329744
0 106.0 4.687173884452784 6.790890911416042
0 106.2 4.65737073935686 6.886346516502341
0 106.4 4.6275675942609364 6.98180212158864
0 106.6 4.5977644491650125 7.077257726674938
0 106.8 4.5679613040690885 7.172713331761237
0 107.0 4.5381581589731645 7.268168936847536
0 107.2 4.508355013877241 7.363624541933834
0 107.4 4.478551868781317 7.459080147020133
0 107.6 4.448748723685393 7.554535752106432
0 107.8 4.418945578589469 7.6499913571927305
0 108.0 4.389142433493545 7.745446962279029
0 108.2 4.359339288397621 7.840902567365328
0 108.4 4.329536143301697 7.936358172451627
0 108.6 4.299732998205773 8.031813777537925
0 108.8 4.269929853109849 8.127269382624224
0 109.0 4.240126708013925 8.222724987710523
0 109.2 4.210323562918001 8.318180592796821
0 109.4 4.179327589812971 8.417456671158966
0 109.6 4.115916023659192 8.34013285026317
0 109.8 4.052504457505414 8.262809029367375
0 110.0 3.9890928913516355 8.18548520847158
0 110.2 3.925681325197857 8.108161387575784
0 110.4 3.8622697590440787 8.030837566679988
0 110.6 3.7988581928903002 7.953513745784194
0 110.8 3.735446626736522 7.876189924888399
0 111.0 3.6720350605827434 7.798866103992604
0 111.2 3.608623494428965 7.7215422830968095
0 111.4 3.5452119282751866 7.644218462201015
0 111.6 3.481800362121408 7.56689464130522
0 111.8 3.41838879596763 7.489570820409425
0 112.0 3.3549772298138514 7.412246999513631
0 112.2 3.291565663660073 7.334923178617836
0 112.4 3.2281540975062946 7.257599357722041
0 112.6 3.164742531352516 7.1802755368262465
0 112.8 3.1013309651987377 7.102951715930452
0 113.0 3.0379193990449593 7.025627895034657
0 113.2 2.974507832891181 6.948304074138862
0 113.4 2.9110962667374025 6.870980253243068
0 113.6 2.847684700583624 6.793656432347273
0 113.8 2.7842731344298457 6.716332611451478
0 114.0 2.7208615682760673 6.639008790555684
0 114.2 2.657450002122289 6.561684969659889
0 114.4 2.5940384359685105 6.484361148764094
0 114.6 2.530626869814732 6.4070373278682995
0 114.8 2.4672153036609537 6.329713506972505
0 115.0 2.4038037375071752 6.25238968607671
0 115.2 2.340392171353397 6.175065865180915
0 115.4 2.2769806051996184 6.097742044285121
0 115.6 2.21356903904584 6.020418223389326
0 115.8 2.1501574728920616 5.943094402493531
0 116.0 2.086745906738283 5.865770581597737
0 116.2 2.023334340584505 5.788446760701942
0 116.4 1.9599227744307262 5.711122939806147
0 116.6 1.8965112082769475 5.6337991189103525
0 116.8 1.833099642123169 5.556475298014558
0 117.0 1.7696880759693903 5.479151477118763
0 117.2 1.7062765098156116 5.401827656222968
0 117.4 1.642864943661833 5.324503835327174
0 117.6 1.5794533775080544 5.247180014431379
0 117.8 1.5160418113542757 5.169856193535584
0 118.0 1.452630245200497 5.0925323726397895
0 118.2 1.3892186790467185 5.015208551743995
0 118.4 1.3258071128929398 4.9378847308482
0 118.6 1.2623955467391612 4.860560909952405
0 118.8 1.1989839805853826 4.783237089056611
0 119.0 1.135572414431604 4.705913268160816
0 119.2 1.0721608482778253 4.628589447265021
0 119.4 1.0015071844346068 4.542434640184627
0 119.6 1.061333729677235 4.622564437915133
0 119.8 1.121160274919863 4.702694235645639
0 120.0 1.1809868201624911 4.782824033376145
0 120.2 1.2408133654051192 4.862953831106651
0 120.4 1.3006399106477473 4.943083628837157
0 120.6 1.3604664558903754 5.023213426567663
0 120.8 1.4202930011330035 5.103343224298169
0 121.0 1.4801195463756316 5.183473022028675
0 121.2 1.5399460916182597 5.263602819759181
0 121.4 1.5997726368608878 5.343732617489687
0 121.6 1.6595991821035159 5.423862415220193
0 121.8 1.719425727346144 5.503992212950699
0 122.0 1.779252272588772 5.584122010681205
0 122.2 1.8390788178314001 5.664251808411711
0 122.4 1.8989053630740282 5.744381606142217
0 122.6 1.9587319083166563 5.824511403872723
0 122.8 2.0185584535592844 5.904641201603229
0 123.0 2.0783849988019125 5.984770999333735
0 123.2 2.1382115440445406 6.064900797064241
0 123.4 2.1980380892871687 6.145030594794747
0 123.6 2.257864634529797 6.225160392525253
0 123.8 2.317691179772425 6.305290190255759
0 124.0 2.377517725015053 6.385419987986265
0 124.2 2.437344270257681 6.465549785716771
0 124.4 2.497170815500309 6.545679583447277
0 124.6 2.5569973607429373 6.625809381177783
0 124.8 2.6168239059855654 6.705939178908289
0 125.0 2.6766504512281935 6.786068976638795
0 125.2 2.7364769964708215 6.866198774369301
0 125.4 2.7963035417134496 6.946328572099807
0 125.6 2.8561300869560777 7.026458369830313
0 125.8 2.915956632198706 7.106588167560819
0 126.0 2.975783177441334 7.186717965291325
0 126.2 3.035609722683962 7.266847763021831
0 126.4 3.09543626792659 7.346977560752337
0 126.6 3.155262813169218 7.427107358482843
0 126.8 3.2150893584118463 7.507237156213349
0 127.0 3.2749159036544744 7.587366953943855
0 127.2 3.3347424488971025 7.667496751674361
0 127.4 3.3945689941397306 7.747626549404867
0 127.6 3.4543955393823587 7.827756347135373
0 127.8 3.5142220846249868 7.907886144865879
0 128.0 3.574048629867615 7.988015942596385
0 128.2 3.633875175110243 8.06814574032689
0 128.4 3.693701720352871 8.148275538057396
0 128.6 3.753528265595499 8.228405335787901
0 128.8 3.813354810838127 8.308535133518406
0 129.0 3.8731813560807553 8.388664931248911
0 129.2 3.9330079013233834 8.468794728979416
0 129.4 3.9928344465660115 8.548924526709921
0 129.6 4.052660991808639 8.629054324440427
0 129.8 4.112487537051267 8.709184122170932
0 130.0 4.172314082293895 8.789313919901437
0 130.2 4.232140627536523 8.869443717631942
0 130.4 4.2919671727791515 8.949573515362447
0 130.6 4.35179371802178 9.029703313092952
0 130.8 4.411620263264408 9.109833110823457
0 131.0 4.482894194261712 9.205295177889354
0 131.2 4.579421831435647 9.179172098790266
0 131.4 4.675949468609582 9.153049019691178
0 131.6 4.772477105783517 9.12692594059209
0 131.8 4.869004742957452 9.100802861493001
0 132.0 4.965532380131387 9.074679782393913
0 132.2 5.062060017305322 9.048556703294825
0 132.4 5.158587654479257 9.022433624195736
0 132.6 5.255115291653192 8.996310545096648
0 132.8 5.351642928827127 8.97018746599756
0 133.0 5.448170566001062 8.944064386898471
0 133.2 5.544698203174997 8.917941307799383
0 133.4 5.641225840348932 8.891818228700295
0 133.6 5.737753477522867 8.865695149601207
0 133.8 5.834281114696802 8.839572070502118
0 134.0 5.930808751870737 8.81344899140303
0 134.2 6.027336389044672 8.787325912303942
0 134.4 6.123864026218607 8.761202833204853
0 134.6 6.220391663392542 8.735079754105765
0 134.8 6.316919300566477 8.708956675006677
0 135.0 6.413446937740412 8.682833595907589
0 135.2 6.509974574914347 8.6567105168085
0 135.4 6.606502212088282 8.630587437709412
0 135.6 6.703029849262217 8.604464358610324
0 135.8 6.799557486436152 8.578341279511235
0 136.0 6.896085123610087 8.552218200412147
0 136.2 6.992612760784022 8.526095121313059
0 136.4 7.089140397957957 8.49997204221397
0 136.6 7.185668035131892 8.473848963114882
0 136.8 7.282195672305827 8.447725884015794
0 137.0 7.378723309479762 8.421602804916706
0 137.2 7.475250946653697 8.395479725817617
0 137.4 7.571778583827632 8.36935664671853
0 137.6 7.668306221001567 8.343233567619441
0 137.8 7.764833858175502 8.317110488520353
0 138.0 7.861361495349437 8.290987409421264
0 138.2 7.957889132523372 8.264864330322176
0 138.4 8.054416769697307 8.238741251223088
0 138.6 8.150944406871242 8.212618172124
0 138.8 8.247472044045177 8.186495093024911
0 139.0 8.343999681219112 8.160372013925823
0 139.2 8.440527318393046 8.134248934826735
0 139.4 8.537054955566981 8.108125855727646
0 139.6 8.633582592740916 8.082002776628558
0 139.8 8.730110229914851 8.05587969752947
0 140.0 8.826637867088786 8.029756618430381
0 140.2 8.923165504262721 8.003633539331293
0 140.4 9.019693141436656 7.977510460232205
0 140.6 9.116220778610591 7.951387381133117
0 140.8 9.212748415784526 7.925264302034028
0 141.0 9.309276052958461 7.89914122293494
0 141.2 9.405803690132396 7.873018143835852
0 141.4 9.502331327306331 7.8468950647367635
0 141.6 9.598858964480266 7.820771985637675
0 141.8 9.695386601654201 7.794648906538587
0 142.0 9.791914238828136 7.768525827439499
0 142.2 9.888441876002071 7.74240274834041
0 142.4 9.984969513176006 7.716279669241322
0 142.6 10.081497150349941 7.690156590142234
0 142.8 10.178024787523876 7.6640335110431455
0 143.0 10.274552424697811 7.637910431944057
0 143.2 10.371080061871746 7.611787352844969
0 143.4 10.467607699045681 7.585664273745881
0 143.6 10.564135336219616 7.559541194646792
0 143.8 10.660662973393551 7.533418115547704
0 144.0 10.757190610567486 7.507295036448616
0 144.2 10.853718247741421 7.4811719573495274
0 144.4 10.950245884915356 7.455048878250439
0 144.6 11.04677352208929 7.428925799151351
0 144.8 11.143301159263226 7.402802720052263
0 145.0 11.23982879643716 7.376679640953174
0 145.2 11.336356433611096 7.350556561854086
0 145.4 11.43288407078503 7.324433482754998
0 145.6 11.529411707958966 7.298310403655909
0 145.8 11.6259393451329 7.272187324556821
0 146.0 11.722466982306836 7.246064245457733
0 146.2 11.81899461948077 7.219941166358645
0 146.4 11.915522256654706 7.193818087259556
0 146.6 12.01204989382864 7.167695008160468
0 146.8 12.108577531002576 7.14157192906138
0 147.0 12.20510516817651 7.115448849962291
0 147.2 12.301632805350446 7.089325770863203
0 147.4 12.39816044252438 7.063202691764115
0 147.6 12.494688079698316 7.037079612665027
0 147.8 12.59121571687225 7.010956533565938
0 148.0 12.687743354046185 6.98483345446685
0 148.2 12.78427099122012 6.958710375367762
0 148.4 12.880798628394055 6.932587296268673
0 148.6 12.97732626556799 6.906464217169585
0 148.8 13.073853902741925 6.880341138070497
0 149.0 13.17038153991586 6.854218058971409
0 149.2 13.266909177089795 6.82809497987232
0 149.4 13.36343681426373 6.801971900773232
0 149.6 13.459964451437665 6.775848821674144
0 149.8 13.5564920886116 6.749725742575055
0 150.0 13.653019725785535 6.723602663475967
0 150.2 13.74954736295947 6.697479584376879
0 150.4 13.846075000133405 6.671356505277791
0 150.6 13.94260263730734 6.645233426178702
0 150.8 14.039130274481275 6.619110347079614
0 151.0 14.13565791165521 6.592987267980526
0 151.2 14.232185548829145 6.566864188881437
0 151.4 14.32871318600308 6.540741109782349
0 151.6 14.425240823177015 6.514618030683261
0 151.8 14.52176846035095 6.4884949515841726
0 152.0 14.618296097524885 6.462371872485084
0 152.2 14.71482373469882 6.436248793385996
0 152.4 14.811351371872755 6.410125714286908
0 152.6 14.90787900904669 6.384002635187819
0 152.8 15.004406646220625 6.357879556088731
0 153.0 15.10093428339456 6.331756476989643
0 153.2 15.197461920568495 6.3056333978905545
0 153.4 15.29398955774243 6.279510318791466
0 153.6 15.390517194916365 6.253387239692378
0 153.8 15.4870448320903 6.22726416059329
0 154.0 15.583572469264235 6.201141081494201
0 154.2 15.68010010643817 6.175018002395113
0 154.4 15.776627743612105 6.148894923296025
0 154.6 15.87315538078604 6.1227718441969365
0 154.8 15.969683017959975 6.096648765097848
0 155.0 16.066210655133908 6.07052568599876
0 155.2 16.162738292307843 6.044402606899672
0 155.4 16.259265929481778 6.018279527800583
0 155.6 16.355793566655713 5.992156448701495
0 155.8 16.452321203829648 5.966033369602407
0 156.0 16.548848841003583 5.9399102905033185
0 156.2 16.657768167164303 5.910433673691642
0 156.4 16.720058183122756 5.988663807987165
0 156.6 16.78234819908121 6.066893942282688
0 156.8 16.844638215039662 6.1451240765782105
0 157.0 16.906928230998115 6.223354210873733
0 157.2 16.96921824695657 6.301584345169256
0 157.4 17.031508262915022 6.379814479464779
0 157.6 17.093798278873475 6.458044613760301
0 157.8 17.156088294831928 6.536274748055824
0 158.0 17.21837831079038 6.614504882351347
0 158.2 17.280668326748835 6.6927350166468695
0 158.4 17.342958342707288 6.770965150942392
0 158.6 17.40524835866574 6.849195285237915
0 158.8 17.467538374624194 6.927425419533438
0 159.0 17.529828390582647 7.00565555382896
0 159.2 17.5921184065411 7.083885688124483
0 159.4 17.654408422499554 7.162115822420006
0 159.6 17.716698438458007 7.240345956715529
0 159.8 17.77898845441646 7.318576091011051
