2 0 11.8800699501 15.5537807868
3 0 16.845060292 16.9866110658
4 0 13.2852813686 1.23877307555
5 0 10.0277374758 7.60690178253
6 0 4.62268285713 8.45653163987
7 0 1.98599293087 0.874761579181
8 0 3.57109467914 13.2763469802
9 0 9.70505698644 18.4528783143
10 0 2.9342404329 16.1924674498
11 0 6.88210144514 12.824643903
1 0 -3 10
0 0.0 4.748224755888164 18.0738752630265050 0.2 4.739258044661307 17.974278083900920 0.4 4.73029133343445 17.8746809047753350 0.6 4.721324622207593 17.775083725649750 0.8 4.712357910980736 17.6754865465241660 1.0 4.703391199753879 17.575889367398580 1.2 4.694424488527022 17.4762921882729960 1.4 4.685457777300165 17.376695009147410 1.6 4.676491066073308 17.2770978300218270 1.8 4.667524354846451 17.1775006508962420 2.0 4.658557643619594 17.0779034717706570 2.2 4.649590932392737 16.9783062926450730 2.4 4.64062422116588 16.8787091135194880 2.6 4.631657509939023 16.7791119343939030 2.8 4.622690798712166 16.679514755268320 3.0 4.613724087485309 16.5799175761427340 3.2 4.604757376258452 16.480320397017150 3.4 4.595790665031595 16.3807232178915640 3.6 4.586823953804738 16.281126038765980 3.8 4.577857242577881 16.1815288596403950 4.0 4.568890531351024 16.081931680514810 4.2 4.559923820124167 15.9823345013892230 4.4 4.55095710889731 15.8827373222636370 4.6 4.541990397670453 15.783140143138050 4.8 4.533023686443596 15.6835429640124640 5.0 4.524056975216739 15.5839457848868770 5.2 4.515090263989882 15.484348605761290 5.4 4.506123552763025 15.3847514266357040 5.6 4.497156841536168 15.2851542475101180 5.8 4.488190130309311 15.1855570683845310 6.0 4.479223419082454 15.0859598892589450 6.2 4.470256707855597 14.9863627101333580 6.4 4.46128999662874 14.8867655310077720 6.6 4.452323285401883 14.7871683518821850 6.8 4.443356574175026 14.6875711727565990 7.0 4.434389862948169 14.5879739936310120 7.2 4.425423151721312 14.4883768145054250 7.4 4.416456440494455 14.3887796353798390 7.6 4.407489729267598 14.2891824562542520 7.8 4.398523018040741 14.1895852771286660 8.0 4.389556306813884 14.089988098003080 8.2 4.380589595587027 13.9903909188774930 8.4 4.37162288436017 13.8907937397519060 8.6 4.362656173133313 13.791196560626320 8.8 4.353689461906456 13.6915993815007330 9.0 4.344722750679599 13.5920022023751470 9.2 4.335756039452742 13.492405023249560 9.4 4.326789328225885 13.3928078441239740 9.6 4.317822616999028 13.2932106649983870 9.8 4.308855905772171 13.19361348587280 10.0 4.299889194545314 13.0940163067472140 10.2 4.290922483318457 12.9944191276216280 10.4 4.2819557720916 12.8948219484960410 10.6 4.272989060864743 12.7952247693704550 10.8 4.264022349637886 12.6956275902448680 11.0 4.255055638411029 12.5960304111192820 11.2 4.246088927184172 12.4964332319936950 11.4 4.237122215957315 12.3968360528681090 11.6 4.228155504730458 12.2972388737425220 11.8 4.219188793503601 12.1976416946169350 12.0 4.210222082276744 12.0980445154913490 12.2 4.201255371049887 11.9984473363657620 12.4 4.1922886598230305 11.8988501572401760 12.6 4.1833219485961735 11.799252978114590 12.8 4.1743552373693165 11.6996557989890030 13.0 4.1653885261424595 11.6000586198634160 13.2 4.1564218149156025 11.500461440737830 13.4 4.1474551036887455 11.4008642616122430 13.6 4.1384883924618885 11.3012670824866570 13.8 4.1295216812350315 11.201669903361070 14.0 4.1205549700081745 11.1020727242354840 14.2 4.1115882587813175 11.0024755451098970 14.4 4.1026215475544605 10.902878365984310 14.6 4.0936548363276035 10.8032811868587240 14.8 4.0846881251007465 10.7036840077331380 15.0 4.0757214138738895 10.6040868286075510 15.2 4.0667547026470325 10.5044896494819650 15.4 4.0577879914201755 10.4048924703563780 15.6 4.0488212801933186 10.3052952912307920 15.8 4.039854568966462 10.2056981121052050 16.0 4.030887857739605 10.1061009329796190 16.2 4.021921146512748 10.0065037538540320 16.4 4.012954435285891 9.9069065747284450 16.6 4.003987724059034 9.8073093956028590 16.8 3.995021012832176 9.7077122164772720 17.0 3.9860543016053187 9.6081150373516860 17.2 3.9770875903784613 9.50851785822610 17.4 3.968120879151604 9.4089206791005130 17.6 3.9591541679247464 9.3093234999749260 17.8 3.950187456697889 9.209726320849340 18.0 3.9412207454710315 9.1101291417237530 18.2 3.932254034244174 9.0105319625981670 18.4 3.9232873230173166 8.910934783472580 18.6 3.914320611790459 8.8113376043469940 18.8 3.9053539005636018 8.7117404252214070 19.0 3.8963871893367443 8.612143246095820 19.2 3.887420478109887 8.5125460669702340 19.4 3.8784537668830295 8.4129488878446480 19.6 3.869487055656172 8.3133517087190610 19.8 3.8605203444293146 8.2137545295934750 20.0 3.851553633202457 8.1141573504678880 20.2 3.8425869219755997 8.0145601713423020 20.4 3.832113177605263 7.8982237166741170 20.6 3.921263434883211 7.943525279862110 20.8 4.010413692161159 7.9888268430501020 21.0 4.099563949439108 8.0341284062380950 21.2 4.188714206717056 8.0794299694260870 21.4 4.277864463995004 8.124731532614080 21.6 4.367014721272953 8.1700330958020720 21.8 4.456164978550901 8.2153346589900650 22.0 4.545315235828849 8.2606362221780570 22.2 4.634465493106798 8.305937785366050 22.4 4.723615750384746 8.3512393485540420 22.6 4.812766007662694 8.3965409117420350 22.8 4.901916264940643 8.4418424749300270 23.0 4.991066522218591 8.487144038118020 23.2 5.080216779496539 8.5324456013060120 23.4 5.169367036774488 8.5777471644940050 23.6 5.258517294052436 8.6230487276819970 23.8 5.347667551330384 8.668350290869990 24.0 5.436817808608333 8.7136518540579820 24.2 5.525968065886281 8.7589534172459750 24.4 5.615118323164229 8.8042549804339670 24.6 5.704268580442178 8.849556543621960 24.8 5.793418837720126 8.8948581068099520 25.0 5.8825690949980745 8.9401596699979450 25.2 5.971719352276023 8.9854612331859370 25.4 6.060869609553971 9.030762796373930 25.6 6.1500198668319195 9.0760643595619220 25.8 6.239170124109868 9.1213659227499150 26.0 6.328320381387816 9.1666674859379070 26.2 6.4174706386657645 9.21196904912590 26.4 6.506620895943713 9.2572706123138920 26.6 6.595771153221661 9.3025721755018850 26.8 6.6849214104996095 9.3478737386898770 27.0 6.774071667777558 9.393175301877870 27.2 6.863221925055506 9.4384768650658620 27.4 6.9523721823334546 9.4837784282538550 27.6 7.041522439611403 9.5290799914418470 27.8 7.130672696889351 9.574381554629840 28.0 7.2198229541673 9.6196831178178320 28.2 7.308973211445248 9.6649846810058250 28.4 7.398123468723196 9.7102862441938170 28.6 7.487273726001145 9.755587807381810 28.8 7.576423983279093 9.8008893705698020 29.0 7.665574240557041 9.8461909337577950 29.2 7.75472449783499 9.8914924969457870 29.4 7.843874755112938 9.936794060133780 29.6 7.933025012390886 9.9820956233217720 29.8 8.022175269668834 10.0273971865097650 30.0 8.111325526946782 10.0726987496977570 30.2 8.20047578422473 10.118000312885750 30.4 8.289626041502679 10.1633018760737420 30.6 8.378776298780627 10.2086034392617350 30.8 8.467926556058575 10.2539050024497270 31.0 8.557076813336524 10.299206565637720 31.2 8.646227070614472 10.3445081288257120 31.4 8.73537732789242 10.3898096920137050 31.6 8.824527585170369 10.4351112552016970 31.8 8.913677842448317 10.480412818389690 32.0 9.002828099726266 10.5257143815776820 32.2 9.091978357004214 10.5710159447656750 32.4 9.181128614282162 10.6163175079536670 32.6 9.27027887156011 10.661619071141660 32.8 9.359429128838059 10.7069206343296520 33.0 9.448579386116007 10.7522221975176450 33.2 9.537729643393956 10.7975237607056370 33.4 9.626879900671904 10.842825323893630 33.6 9.716030157949852 10.8881268870816220 33.8 9.8051804152278 10.9334284502696150 34.0 9.894330672505749 10.9787300134576070 34.2 9.983480929783697 11.02403157664560 34.4 10.072631187061646 11.0693331398335920 34.6 10.161781444339594 11.1146347030215850 34.8 10.250931701617542 11.1599362662095770 35.0 10.34008195889549 11.205237829397570 35.2 10.429232216173439 11.2505393925855620 35.4 10.518382473451387 11.2958409557735550 35.6 10.607532730729336 11.3411425189615470 35.8 10.696682988007284 11.386444082149540 36.0 10.785833245285232 11.4317456453375320 36.2 10.87498350256318 11.4770472085255250 36.4 10.964133759841129 11.5223487717135170 36.6 11.053284017119077 11.567650334901510 36.8 11.142434274397026 11.6129518980895020 37.0 11.231584531674974 11.6582534612774950 37.2 11.320734788952922 11.7035550244654870 37.4 11.40988504623087 11.748856587653480 37.6 11.499035303508819 11.7941581508414720 37.8 11.588185560786767 11.8394597140294650 38.0 11.677335818064716 11.8847612772174570 38.2 11.766486075342664 11.930062840405450 38.4 11.855636332620612 11.9753644035934420 38.6 11.94478658989856 12.0206659667814350 38.8 12.03393684717651 12.0659675299694270 39.0 12.123087104454457 12.111269093157420 39.2 12.212237361732406 12.1565706563454120 39.4 12.301387619010354 12.2018722195334050 39.6 12.390537876288302 12.2471737827213970 39.8 12.47968813356625 12.292475345909390 40.0 12.5688383908442 12.3377769090973820 40.2 12.657988648122148 12.3830784722853750 40.4 12.787765562585111 12.4490244075007690 40.6 12.878379550715838 12.4067265924857520 40.8 12.968993538846565 12.3644287774707350 41.0 13.059607526977292 12.3221309624557180 41.2 13.150221515108019 12.2798331474407010 41.4 13.240835503238745 12.2375353324256850 41.6 13.331449491369472 12.1952375174106680 41.8 13.4220634795002 12.1529397023956510 42.0 13.512677467630926 12.1106418873806340 42.2 13.603291455761653 12.0683440723656170 42.4 13.69390544389238 12.02604625735060 42.6 13.784519432023107 11.9837484423355840 42.8 13.875133420153833 11.9414506273205670 43.0 13.96574740828456 11.899152812305550 43.2 14.056361396415287 11.8568549972905330 43.4 14.146975384546014 11.8145571822755160 43.6 14.23758937267674 11.77225936726050 43.8 14.328203360807468 11.7299615522454830 44.0 14.418817348938195 11.6876637372304660 44.2 14.509431337068921 11.6453659222154490 44.4 14.600045325199648 11.6030681072004320 44.6 14.690659313330375 11.5607702921854150 44.8 14.781273301461102 11.5184724771703980 45.0 14.871887289591829 11.4761746621553820 45.2 14.962501277722556 11.4338768471403650 45.4 15.053115265853283 11.3915790321253480 45.6 15.14372925398401 11.3492812171103310 45.8 15.234343242114736 11.3069834020953140 46.0 15.324957230245463 11.2646855870802970 46.2 15.41557121837619 11.222387772065280 46.4 15.506185206506917 11.1800899570502640 46.6 15.596799194637644 11.1377921420352470 46.8 15.68741318276837 11.095494327020230 47.0 15.778027170899097 11.0531965120052130 47.2 15.868641159029824 11.0108986969901960 47.4 15.959255147160551 10.968600881975180 47.6 16.049869135291278 10.9263030669601630 47.8 16.140483123422005 10.8840052519451460 48.0 16.23109711155273 10.8417074369301290 48.2 16.32171109968346 10.7994096219151120 48.4 16.412325087814185 10.7571118069000950 48.6 16.502939075944912 10.7148139918850780 48.8 16.59355306407564 10.6725161768700620 49.0 16.684167052206366 10.6302183618550450 49.2 16.774781040337093 10.5879205468400280 49.4 16.86539502846782 10.5456227318250110 49.6 16.956009016598546 10.5033249168099940 49.8 17.046623004729273 10.4610271017949770 50.0 17.13723699286 10.418729286779960 50.2 17.227850980990727 10.3764314717649440 50.4 17.318464969121454 10.3341336567499270 50.6 17.40907895725218 10.291835841734910 50.8 17.499692945382908 10.2495380267198930 51.0 17.590306933513634 10.2072402117048760 51.2 17.68092092164436 10.164942396689860 51.4 17.771534909775088 10.1226445816748430 51.6 17.862148897905815 10.0803467666598260 51.8 17.952762886036542 10.0380489516448090 52.0 18.04337687416727 9.9957511366297920 52.2 18.133990862297996 9.9534533216147750 52.4 18.224604850428722 9.9111555065997590 52.6 18.31521883855945 9.8688576915847420 52.8 18.405832826690176 9.8265598765697250 53.0 18.523738433265468 9.7715225734000910 53.2 18.425679163342206 9.7911281741844860 53.4 18.327619893418944 9.8107337749688810 53.6 18.229560623495683 9.8303393757532760 53.8 18.13150135357242 9.8499449765376710 54.0 18.03344208364916 9.8695505773220660 54.2 17.935382813725898 9.8891561781064610 54.4 17.837323543802636 9.9087617788908560 54.6 17.739264273879375 9.9283673796752510 54.8 17.641205003956113 9.9479729804596460 55.0 17.54314573403285 9.9675785812440410 55.2 17.44508646410959 9.9871841820284360 55.4 17.347027194186328 10.0067897828128310 55.6 17.248967924263066 10.0263953835972260 55.8 17.150908654339805 10.0460009843816210 56.0 17.052849384416543 10.0656065851660160 56.2 16.95479011449328 10.0852121859504110 56.4 16.85673084457002 10.1048177867348060 56.6 16.75867157464676 10.1244233875192010 56.8 16.660612304723497 10.1440289883035960 57.0 16.562553034800235 10.1636345890879910 57.2 16.464493764876973 10.1832401898723860 57.4 16.36643449495371 10.202845790656780 57.6 16.26837522503045 10.2224513914411760 57.8 16.17031595510719 10.242056992225570 58.0 16.072256685183927 10.2616625930099660 58.2 15.974197415260665 10.281268193794360 58.4 15.876138145337404 10.3008737945787560 58.6 15.778078875414142 10.320479395363150 58.8 15.68001960549088 10.3400849961475460 59.0 15.581960335567619 10.359690596931940 59.2 15.483901065644357 10.3792961977163360 59.4 15.385841795721095 10.398901798500730 59.6 15.287782525797834 10.4185073992851260 59.8 15.189723255874572 10.438113000069520 60.0 15.09166398595131 10.4577186008539160 60.2 14.993604716028049 10.477324201638310 60.4 14.895545446104787 10.4969298024227060 60.6 14.797486176181526 10.51653540320710 60.8 14.699426906258264 10.5361410039914960 61.0 14.601367636335002 10.555746604775890 61.2 14.50330836641174 10.5753522055602860 61.4 14.405249096488479 10.594957806344680 61.6 14.307189826565217 10.6145634071290760 61.8 14.209130556641956 10.634169007913470 62.0 14.111071286718694 10.6537746086978660 62.2 14.013012016795432 10.673380209482260 62.4 13.91495274687217 10.6929858102666560 62.6 13.81689347694891 10.712591411051050 62.8 13.718834207025647 10.7321970118354460 63.0 13.620774937102386 10.751802612619840 63.2 13.522715667179124 10.7714082134042360 63.4 13.424656397255863 10.791013814188630 63.6 13.326597127332601 10.8106194149730260 63.8 13.22853785740934 10.830225015757420 64.0 13.130478587486078 10.8498306165418160 64.2 13.032419317562816 10.869436217326210 64.4 12.934360047639554 10.8890418181106060 64.6 12.836300777716293 10.9086474188950 64.8 12.738241507793031 10.9282530196793960 65.0 12.64018223786977 10.947858620463790 65.2 12.542122967946508 10.9674642212481860 65.4 12.444063698023246 10.987069822032580 65.6 12.346004428099985 11.0066754228169760 65.8 12.247945158176723 11.026281023601370 66.0 12.149885888253461 11.0458866243857660 66.2 12.0518266183302 11.065492225170160 66.4 11.953767348406938 11.0850978259545560 66.6 11.855708078483676 11.104703426738950 66.8 11.757648808560415 11.1243090275233460 67.0 11.659589538637153 11.143914628307740 67.2 11.561530268713891 11.1635202290921360 67.4 11.46347099879063 11.183125829876530 67.6 11.365411728867368 11.2027314306609260 67.8 11.267352458944107 11.222337031445320 68.0 11.169293189020845 11.2419426322297160 68.2 11.071233919097583 11.261548233014110 68.4 10.973174649174322 11.2811538337985060 68.6 10.87511537925106 11.30075943458290 68.8 10.777056109327798 11.3203650353672960 69.0 10.678996839404537 11.339970636151690 69.2 10.580937569481275 11.3595762369360860 69.4 10.482878299558013 11.379181837720480 69.6 10.384819029634752 11.3987874385048760 69.8 10.28675975971149 11.418393039289270 70.0 10.188700489788229 11.4379986400736660 70.2 10.090641219864967 11.457604240858060 70.4 9.992581949941705 11.4772098416424560 70.6 9.894522680018444 11.496815442426850 70.8 9.796463410095182 11.5164210432112450 71.0 9.69840414017192 11.536026643995640 71.2 9.600344870248659 11.5556322447800350 71.4 9.502285600325397 11.575237845564430 71.6 9.404226330402135 11.5948434463488250 71.8 9.306167060478874 11.614449047133220 72.0 9.208107790555612 11.6340546479176150 72.2 9.11004852063235 11.653660248702010 72.4 9.011989250709089 11.6732658494864050 72.6 8.913929980785827 11.69287145027080 72.8 8.815870710862566 11.7124770510551950 73.0 8.717811440939304 11.732082651839590 73.2 8.619752171016042 11.7516882526239850 73.4 8.52169290109278 11.771293853408380 73.6 8.423633631169519 11.7908994541927750 73.8 8.325574361246257 11.810505054977170 74.0 8.227515091322996 11.8301106557615650 74.2 8.129455821399734 11.849716256545960 74.4 8.031396551476472 11.8693218573303550 74.6 7.933337281553212 11.888927458114750 74.8 7.835278011629951 11.9085330588991450 75.0 7.73721874170669 11.928138659683540 75.2 7.6391594717834295 11.9477442604679350 75.4 7.541100201860169 11.967349861252330 75.6 7.443040931936908 11.9869554620367250 75.8 7.344981662013647 12.006561062821120 76.0 7.2469223920903865 12.0261666636055150 76.2 7.148863122167126 12.045772264389910 76.4 7.050803852243865 12.0653778651743050 76.6 6.952744582320604 12.08498346595870 76.8 6.8546853123973435 12.1045890667430950 77.0 6.756626042474083 12.124194667527490 77.2 6.658566772550822 12.1438002683118850 77.4 6.560507502627561 12.163405869096280 77.6 6.4624482327043005 12.1830114698806750 77.8 6.36438896278104 12.202617070665070 78.0 6.266329692857779 12.2222226714494650 78.2 6.168270422934518 12.241828272233860 78.4 6.0702111530112575 12.2614338730182550 78.6 5.972151883087997 12.281039473802650 78.8 5.874092613164736 12.3006450745870450 79.0 5.776033343241475 12.320250675371440 79.2 5.6779740733182145 12.3398562761558350 79.4 5.579914803394954 12.359461876940230 79.6 5.481855533471693 12.3790674777246250 79.8 5.383796263548432 12.398673078509020 80.0 5.2857369936251715 12.4182786792934150 80.2 5.187677723701911 12.437884280077810 80.4 5.08961845377865 12.4574898808622050 80.6 4.991559183855389 12.47709548164660 80.8 4.8934999139321285 12.4967010824309950 81.0 4.795440644008868 12.516306683215390 81.2 4.697381374085607 12.5359122839997850 81.4 4.599322104162346 12.555517884784180 81.6 4.5012628342390855 12.5751234855685750 81.8 4.403203564315825 12.594729086352970 82.0 4.305144294392564 12.6143346871373650 82.2 4.207085024469303 12.633940287921760 82.4 4.1090257545460425 12.6535458887061550 82.6 4.010966484622782 12.673151489490550 82.8 3.912907214699521 12.6927570902749450 83.0 3.81484794477626 12.712362691059340 83.2 3.7167886748529995 12.7319682918437350 83.4 3.6187294049297387 12.751573892628130 83.6 3.520670135006478 12.7711794934125250 83.8 3.422610865083217 12.790785094196920 84.0 3.3245515951599565 12.8103906949813150 84.2 3.2264923252366957 12.829996295765710 84.4 3.128433055313435 12.8496018965501050 84.6 3.030373785390174 12.86920749733450 84.8 2.9323145154669135 12.8888130981188950 85.0 2.8342552455436527 12.908418698903290 85.2 2.736195975620392 12.9280242996876850 85.4 2.638136705697131 12.947629900472080 85.6 2.5400774357738705 12.9672355012564750 85.8 2.4420181658506097 12.986841102040870 86.0 2.343958895927349 13.0064467028252650 86.2 2.245899626004088 13.026052303609660 86.4 2.1478403560808275 13.0456579043940550 86.6 2.0497810861575667 13.065263505178450 86.8 1.9517218162343057 13.0848691059628450 87.0 1.8536625463110448 13.104474706747240 87.2 1.7556032763877838 13.1240803075316350 87.4 1.6575440064645228 13.143685908316030 87.6 1.5594847365412619 13.1632915091004250 87.8 1.4614254666180009 13.182897109884820 88.0 1.36336619669474 13.2025027106692150 88.2 1.265306926771479 13.222108311453610 88.4 1.167247656848218 13.2417139122380050 88.6 1.069188386924957 13.26131951302240 88.8 0.971129117001696 13.2809251138067950 89.0 0.873069847078435 13.300530714591190 89.2 0.7750105771551741 13.3201363153755850 89.4 0.647748529694756 13.3455806094179770 89.6 0.745189082017074 13.368060350589120 89.8 0.842629634339392 13.3905400917602630 90.0 0.9400701866617099 13.4130198329314060 90.2 1.037510738984028 13.4354995741025490 90.4 1.134951291306346 13.4579793152736920 90.6 1.232391843628664 13.4804590564448340 90.8 1.3298323959509821 13.5029387976159770 91.0 1.4272729482733002 13.525418538787120 91.2 1.5247135005956183 13.5478982799582630 91.4 1.6221540529179364 13.5703780211294060 91.6 1.7195946052402544 13.5928577623005480 91.8 1.8170351575625725 13.6153375034716910 92.0 1.9144757098848906 13.6378172446428340 92.2 2.0119162622072086 13.6602969858139770 92.4 2.1093568145295265 13.682776726985120 92.6 2.2067973668518444 13.7052564681562630 92.8 2.304237919174162 13.7277362093274050 93.0 2.40167847149648 13.7502159504985480 93.2 2.499119023818798 13.7726956916696910 93.4 2.5965595761411158 13.7951754328408340 93.6 2.6940001284634336 13.8176551740119770 93.8 2.7914406807857515 13.840134915183120 94.0 2.8888812331080693 13.8626146563542620 94.2 2.986321785430387 13.8850943975254050 94.4 3.083762337752705 13.9075741386965480 94.6 3.181202890075023 13.930053879867690 94.8 3.2786434423973407 13.9525336210388340 95.0 3.3760839947196586 13.9750133622099760 95.2 3.4735245470419764 13.997493103381120 95.4 3.5709650993642943 14.0199728445522620 95.6 3.668405651686612 14.0424525857234050 95.8 3.76584620400893 14.0649323268945480 96.0 3.863286756331248 14.087412068065690 96.2 3.9607273086535657 14.1098918092368330 96.4 4.058167860975884 14.1323715504079760 96.6 4.155608413298202 14.1548512915791190 96.8 4.25304896562052 14.1773310327502620 97.0 4.3504895179428384 14.1998107739214050 97.2 4.447930070265157 14.2222905150925470 97.4 4.545370622587475 14.244770256263690 97.6 4.642811174909793 14.2672499974348330 97.8 4.740251727232112 14.2897297386059760 98.0 4.83769227955443 14.3122094797771190 98.2 4.935132831876748 14.3346892209482610 98.4 5.0325733841990665 14.3571689621194040 98.6 5.130013936521385 14.3796487032905470 98.8 5.227454488843703 14.402128444461690 99.0 5.324895041166021 14.4246081856328330 99.2 5.42233559348834 14.4470879268039760 99.4 5.519776145810658 14.4695676679751180 99.6 5.617216698132976 14.4920474091462610 99.8 5.714657250455295 14.5145271503174040 100.0 5.812097802777613 14.5370068914885470 100.2 5.909538355099931 14.559486632659690 100.4 6.0069789074222495 14.5819663738308320 100.6 6.104419459744568 14.6044461150019750 100.8 6.201860012066886 14.6269258561731180 101.0 6.299300564389204 14.6494055973442610 101.2 6.396741116711523 14.6718853385154040 101.4 6.494181669033841 14.6943650796865470 101.6 6.591622221356159 14.716844820857690 101.8 6.689062773678478 14.7393245620288320 102.0 6.786503326000796 14.7618043031999750 102.2 6.883943878323114 14.7842840443711180 102.4 6.9813844306454325 14.806763785542260 102.6 7.078824982967751 14.8292435267134040 102.8 7.176265535290069 14.8517232678845460 103.0 7.273706087612387 14.874203009055690 103.2 7.371146639934706 14.8966827502268320 103.4 7.468587192257024 14.9191624913979750 103.6 7.566027744579342 14.9416422325691180 103.8 7.6634682969016605 14.964121973740260 104.0 7.760908849223979 14.9866017149114030 104.2 7.858349401546297 15.0090814560825460 104.4 7.955789953868615 15.0315611972536890 104.6 8.053230506190934 15.0540409384248320 104.8 8.150671058513252 15.0765206795959750 105.0 8.24811161083557 15.0990004207671170 105.2 8.345552163157889 15.121480161938260 105.4 8.442992715480207 15.1439599031094030 105.6 8.540433267802525 15.1664396442805460 105.8 8.637873820124844 15.1889193854516890 106.0 8.735314372447162 15.2113991266228310 106.2 8.83275492476948 15.2338788677939740 106.4 8.930195477091798 15.2563586089651170 106.6 9.027636029414117 15.278838350136260 106.8 9.125076581736435 15.3013180913074030 107.0 9.222517134058753 15.3237978324785460 107.2 9.319957686381072 15.3462775736496880 107.4 9.41739823870339 15.3687573148208310 107.6 9.514838791025708 15.3912370559919740 107.8 9.612279343348026 15.4137167971631170 108.0 9.709719895670345 15.436196538334260 108.2 9.807160447992663 15.4586762795054020 108.4 9.904601000314981 15.4811560206765450 108.6 10.0020415526373 15.5036357618476880 108.8 10.099482104959618 15.5261155030188310 109.0 10.196922657281936 15.5485952441899740 109.2 10.294363209604255 15.5710749853611170 109.4 10.391803761926573 15.593554726532260 109.6 10.489244314248891 15.6160344677034020 109.8 10.58668486657121 15.6385142088745450 110.0 10.684125418893528 15.6609939500456880 110.2 10.781565971215846 15.683473691216830 110.4 10.879006523538164 15.7059534323879730 110.6 10.976447075860483 15.7284331735591160 110.8 11.073887628182801 15.750912914730260 111.0 11.17132818050512 15.7733926559014020 111.2 11.268768732827438 15.7958723970725450 111.4 11.366209285149756 15.8183521382436880 111.6 11.463649837472074 15.840831879414830 111.8 11.561090389794392 15.8633116205859730 112.0 11.65853094211671 15.8857913617571160 112.2 11.755971494439029 15.9082711029282590 112.4 11.926907677821742 15.947706441374670 112.6 11.851374241658458 15.8821724805500160 112.8 11.775840805495175 15.8166385197253620 113.0 11.700307369331892 15.7511045589007090 113.2 11.624773933168608 15.6855705980760550 113.4 11.549240497005325 15.62003663725140 113.6 11.473707060842042 15.5545026764267470 113.8 11.398173624678758 15.4889687156020930 114.0 11.322640188515475 15.4234347547774390 114.2 11.247106752352192 15.3579007939527850 114.4 11.171573316188908 15.2923668331281310 114.6 11.096039880025625 15.2268328723034770 114.8 11.020506443862342 15.1612989114788230 115.0 10.944973007699058 15.095764950654170 115.2 10.869439571535775 15.0302309898295160 115.4 10.793906135372492 14.9646970290048620 115.6 10.718372699209208 14.8991630681802080 115.8 10.642839263045925 14.8336291073555540 116.0 10.567305826882642 14.76809514653090 116.2 10.491772390719358 14.7025611857062460 116.4 10.416238954556075 14.6370272248815920 116.6 10.340705518392792 14.5714932640569380 116.8 10.265172082229508 14.5059593032322840 117.0 10.189638646066225 14.440425342407630 117.2 10.114105209902942 14.3748913815829770 117.4 10.038571773739658 14.3093574207583230 117.6 9.963038337576375 14.2438234599336690 117.8 9.887504901413092 14.1782894991090150 118.0 9.811971465249808 14.1127555382843610 118.2 9.736438029086525 14.0472215774597070 118.4 9.660904592923242 13.9816876166350530 118.6 9.585371156759958 13.91615365581040 118.8 9.509837720596675 13.8506196949857450 119.0 9.434304284433392 13.7850857341610920 119.2 9.358770848270108 13.7195517733364380 119.4 9.283237412106825 13.6540178125117840 119.6 9.207703975943542 13.588483851687130 119.8 9.132170539780258 13.5229498908624760 120.0 9.056637103616975 13.4574159300378220 120.2 8.981103667453691 13.3918819692131680 120.4 8.905570231290408 13.3263480083885140 120.6 8.830036795127125 13.260814047563860 120.8 8.754503358963841 13.1952800867392060 121.0 8.678969922800558 13.1297461259145520 121.2 8.603436486637275 13.0642121650898990 121.4 8.527903050473991 12.9986782042652450 121.6 8.452369614310708 12.933144243440590 121.8 8.376836178147425 12.8676102826159370 122.0 8.301302741984141 12.8020763217912830 122.2 8.225769305820858 12.7365423609666290 122.4 8.150235869657575 12.6710084001419750 122.6 8.074702433494291 12.6054744393173210 122.8 7.999168997331008 12.5399404784926670 123.0 7.923635561167725 12.4744065176680130 123.2 7.848102125004441 12.408872556843360 123.4 7.772568688841158 12.3433385960187060 123.6 7.697035252677875 12.2778046351940520 123.8 7.621501816514591 12.2122706743693980 124.0 7.545968380351308 12.1467367135447440 124.2 7.470434944188025 12.081202752720090 124.4 7.394901508024741 12.0156687918954360 124.6 7.319368071861458 11.9501348310707820 124.8 7.243834635698175 11.8846008702461280 125.0 7.168301199534891 11.8190669094214740 125.2 7.092767763371608 11.753532948596820 125.4 7.017234327208325 11.6879989877721670 125.6 6.941700891045041 11.6224650269475130 125.8 6.866167454881758 11.5569310661228590 126.0 6.790634018718475 11.4913971052982050 126.2 6.715100582555191 11.4258631444735510 126.4 6.639567146391908 11.3603291836488970 126.6 6.564033710228625 11.2947952228242430 126.8 6.488500274065341 11.229261261999590 127.0 6.412966837902058 11.1637273011749350 127.2 6.337433401738775 11.0981933403502810 127.4 6.261899965575491 11.0326593795256280 127.6 6.186366529412208 10.9671254187009740 127.8 6.1108330932489245 10.901591457876320 128.0 6.035299657085641 10.8360574970516660 128.2 5.959766220922358 10.7705235362270120 128.4 5.8842327847590745 10.7049895754023580 128.6 5.808699348595791 10.6394556145777040 128.8 5.733165912432508 10.573921653753050 129.0 5.6576324762692245 10.5083876929283960 129.2 5.582099040105941 10.4428537321037420 129.4 5.506565603942658 10.3773197712790890 129.6 5.4310321677793745 10.3117858104544350 129.8 5.355498731616091 10.246251849629780 130.0 5.279965295452808 10.1807178888051270 130.2 5.2044318592895245 10.1151839279804730 130.4 5.128898423126241 10.0496499671558190 130.6 5.053364986962958 9.9841160063311650 130.8 4.977831550799674 9.9185820455065110 131.0 4.902298114636391 9.8530480846818570 131.2 4.826764678473108 9.7875141238572030 131.4 4.751231242309824 9.721980163032550 131.6 4.675697806146541 9.6564462022078960 131.8 4.600164369983258 9.5909122413832420 132.0 4.524630933819974 9.5253782805585880 132.2 4.449097497656691 9.4598443197339340 132.4 4.373564061493408 9.394310358909280 132.6 4.298030625330124 9.3287763980846260 132.8 4.222497189166841 9.2632424372599720 133.0 4.146963753003558 9.1977084764353180 133.2 4.071430316840274 9.1321745156106640 133.4 3.995896880676991 9.066640554786010 133.6 3.9203634445137077 9.0011065939613570 133.8 3.8448300083504243 8.9355726331367030 134.0 3.769296572187141 8.8700386723120490 134.2 3.6937631360238576 8.8045047114873950 134.4 3.6182296998605743 8.7389707506627410 134.6 3.542696263697291 8.6734367898380870 134.8 3.4671628275340076 8.6079028290134330 135.0 3.3916293913707243 8.542368868188780 135.2 3.316095955207441 8.4768349073641250 135.4 3.2405625190441576 8.4113009465394710 135.6 3.1650290828808743 8.3457669857148180 135.8 3.089495646717591 8.2802330248901640 136.0 3.0139622105543076 8.214699064065510 136.2 2.9384287743910242 8.1491651032408560 136.4 2.862895338227741 8.0836311424162020 136.6 2.7873619020644576 8.0180971815915480 136.8 2.711828465901174 7.9525632207668950 137.0 2.636295029737891 7.8870292599422420 137.2 2.5607615935746075 7.8214952991175890 137.4 2.485228157411324 7.7559613382929360 137.6 2.409694721248041 7.6904273774682830 137.8 2.3341612850847575 7.624893416643630 138.0 2.258627848921474 7.5593594558189770 138.2 2.183094412758191 7.4938254949943240 138.4 2.1075609765949075 7.4282915341696710 138.6 2.032027540431624 7.3627575733450180 138.8 1.9564941042683406 7.2972236125203650 139.0 1.880960668105057 7.2316896516957120 139.2 1.8054272319417735 7.1661556908710590 139.4 1.72989379577849 7.1006217300464060 139.6 1.6543603596152063 7.0350877692217530 139.8 1.5788269234519228 6.96955380839710 140.0 1.5032934872886392 6.9040198475724470 140.2 1.4277600511253556 6.8384858867477940 140.4 1.352226614962072 6.7729519259231410 140.6 1.2766931787987885 6.7074179650984880 140.8 1.1476260279958517 6.5954373372586980 141.0 1.2456787518857706 6.5757990242515350 141.2 1.3437314757756895 6.5561607112443720 141.4 1.4417841996656084 6.5365223982372090 141.6 1.5398369235555274 6.5168840852300460 141.8 1.6378896474454463 6.4972457722228830 142.0 1.7359423713353652 6.47760745921572050 142.2 1.8339950952252841 6.45796914620855760 142.4 1.932047819115203 6.4383308332013950 142.6 2.030100543005122 6.4186925201942320 142.8 2.1281532668950414 6.3990542071870690 143.0 2.2262059907849605 6.3794158941799060 143.2 2.3242587146748797 6.3597775811727430 143.4 2.422311438564799 6.340139268165580 143.6 2.520364162454718 6.3205009551584170 143.8 2.618416886344637 6.3008626421512540 144.0 2.7164696102345562 6.28122432914409150 144.2 2.8145223341244754 6.2615860161369290 144.4 2.9125750580143945 6.2419477031297660 144.6 3.0106277819043137 6.2223093901226030 144.8 3.108680505794233 6.202671077115440 145.0 3.206733229684152 6.1830327641082770 145.2 3.304785953574071 6.1633944511011140 145.4 3.4028386774639903 6.1437561380939510 145.6 3.5008914013539094 6.1241178250867880 145.8 3.5989441252438286 6.1044795120796250 146.0 3.6969968491337477 6.08484119907246250 146.2 3.795049573023667 6.06520288606530 146.4 3.893102296913586 6.0455645730581370 146.6 3.991155020803505 6.0259262600509740 146.8 4.089207744693424 6.0062879470438110 147.0 4.187260468583343 5.9866496340366480 147.2 4.285313192473262 5.9670113210294850 147.4 4.38336591636318 5.9473730080223220 147.6 4.481418640253099 5.9277346950151590 147.8 4.579471364143018 5.9080963820079960 148.0 4.6775240880329365 5.88845806900083350 148.2 4.775576811922855 5.8688197559936710 148.4 4.873629535812774 5.8491814429865080 148.6 4.971682259702693 5.8295431299793450 148.8 5.069734983592611 5.8099048169721820 149.0 5.16778770748253 5.7902665039650190 149.2 5.265840431372449 5.7706281909578560 149.4 5.363893155262367 5.7509898779506930 149.6 5.461945879152286 5.731351564943530 149.8 5.559998603042205 5.7117132519363670 150.0 5.6580513269321235 5.69207493892920450 150.2 5.756104050822042 5.6724366259220420 150.4 5.854156774711961 5.6527983129148790 150.6 5.95220949860188 5.6331599999077160 150.8 6.050262222491798 5.6135216869005530 151.0 6.148314946381717 5.593883373893390 151.2 6.246367670271636 5.5742450608862270 151.4 6.3444203941615545 5.5546067478790640 151.6 6.442473118051473 5.5349684348719010 151.8 6.540525841941392 5.5153301218647380 152.0 6.638578565831311 5.49569180885757550 152.2 6.736631289721229 5.4760534958504130 152.4 6.834684013611148 5.456415182843250 152.6 6.932736737501067 5.4367768698360870 152.8 7.030789461390985 5.4171385568289240 153.0 7.128842185280904 5.3975002438217610 153.2 7.226894909170823 5.3778619308145980 153.4 7.3249476330607415 5.3582236178074350 153.6 7.42300035695066 5.3385853048002720 153.8 7.521053080840579 5.3189469917931090 154.0 7.619105804730498 5.29930867878594650 154.2 7.717158528620416 5.2796703657787840 154.4 7.815211252510335 5.2600320527716210 154.6 7.913263976400254 5.2403937397644580 154.8 8.011316700290173 5.2207554267572950 155.0 8.109369424180093 5.2011171137501320 155.2 8.207422148070012 5.1814788007429690 155.4 8.305474871959932 5.1618404877358060 155.6 8.403527595849852 5.1422021747286430 155.8 8.501580319739771 5.122563861721480 156.0 8.59963304362969 5.10292554871431750 156.2 8.69768576751961 5.0832872357071550 156.4 8.79573849140953 5.0636489226999920 156.6 8.89379121529945 5.0440106096928290 156.8 8.99184393918937 5.0243722966856660 157.0 9.089896663079289 5.0047339836785030 157.2 9.187949386969208 4.985095670671340 157.4 9.342675261645734 4.9541066778452140 157.6 9.404358141911315 5.0328164121996260 157.8 9.466041022176896 5.1115261465540380 158.0 9.527723902442476 5.190235880908450 158.2 9.589406782708057 5.26894561526286150 158.4 9.651089662973638 5.3476553496172730 158.6 9.712772543239218 5.4263650839716850 158.8 9.774455423504799 5.5050748183260970 159.0 9.83613830377038 5.5837845526805090 159.2 9.89782118403596 5.6624942870349210 159.4 9.959504064301541 5.7412040213893330 159.6 10.021186944567122 5.8199137557437450 159.8 10.082869824832702 5.8986234900981565