2 0 6.91892378526 13.7395882878
3 0 3.84594162348 3.90929623597
4 0 19.6324883001 2.03341445695
5 0 13.7100022573 5.82181019712
6 0 5.97574823204 10.841544127
7 0 1.39874185748 1.98168114239
8 0 16.31157534695 18.3733674153
9 0 9.48411387241 16.2054504008
10 0 3.89853538203 16.7645322219
11 0 2.08055381313 6.88569808568
12 0 0.556335713214 7.84859424962
13 0 17.1567002579 5.04746541232
14 0 17.1574914071 12.2635880277
15 0 8.25505110793 5.02276405748
16 0 4.22652554768 0.258016787308
17 0 18.054335677 0.858772218006
18 0 16.2320238741 0.303569236151
19 0 1.06421182664 13.0563734698
20 0 11.8062202608 2.04192887999
21 0 11.2751834165 19.1401478906
22 0 7.21148561731 11.4802931204
23 0 16.0810280995 1.99822246427
24 0 14.6412004257 11.1708722467
25 0 11.5966341182 13.63288939802
26 0 10.642303383 6.26290588702
1 0 10 10
0 0.0 8.758410167475132 10.278148701701936
0 0.2 8.758621979221651 10.178148926023267
0 0.4 8.75883379096817 10.078149150344599
0 0.6 8.75904560271469 9.97814937466593
0 0.8 8.759257414461208 9.878149598987262
0 1.0 8.759469226207727 9.778149823308594
0 1.2 8.759681037954246 9.678150047629925
0 1.4 8.759892849700766 9.578150271951257
0 1.6 8.760104661447285 9.478150496272589
0 1.8 8.760316473193804 9.37815072059392
0 2.0 8.760528284940323 9.278150944915252
0 2.2 8.760740096686842 9.178151169236584
0 2.4 8.760951908433361 9.078151393557915
0 2.6 8.76116372017988 8.978151617879247
0 2.8 8.761375531926399 8.878151842200579
0 3.0 8.761587343672918 8.77815206652191
0 3.2 8.761799155419437 8.678152290843242
0 3.4 8.762010967165956 8.578152515164573
0 3.6 8.762222778912475 8.478152739485905
0 3.8 8.762434590658994 8.378152963807237
0 4.0 8.762646402405514 8.278153188128568
0 4.2 8.762858214152033 8.1781534124499
0 4.4 8.763070025898552 8.078153636771232
0 4.6 8.76328183764507 7.978153861092563
0 4.8 8.76349364939159 7.878154085413895
0 5.0 8.763705461138109 7.778154309735227
0 5.2 8.763917272884628 7.678154534056558
0 5.4 8.764129084631147 7.57815475837789
0 5.6 8.764340896377666 7.4781549826992215
0 5.8 8.764552708124185 7.378155207020553
0 6.0 8.764764519870704 7.278155431341885
0 6.2 8.764976331617223 7.1781556556632165
0 6.4 8.765188143363742 7.078155879984548
0 6.6 8.765399955110261 6.97815610430588
0 6.8 8.76561176685678 6.878156328627211
0 7.0 8.7658235786033 6.778156552948543
0 7.2 8.766035390349819 6.678156777269875
0 7.4 8.766247202096338 6.578157001591206
0 7.6 8.766459013842857 6.478157225912538
0 7.8 8.766670825589376 6.37815745023387
0 8.0 8.766882637335895 6.278157674555201
0 8.2 8.767094449082414 6.178157898876533
0 8.4 8.767306260828933 6.0781581231978645
0 8.6 8.767518072575452 5.978158347519196
0 8.8 8.767729884321971 5.878158571840528
0 9.0 8.76794169606849 5.7781587961618595
0 9.2 8.76815350781501 5.678159020483191
0 9.4 8.768365319561529 5.578159244804523
0 9.6 8.768577131308048 5.478159469125854
0 9.8 8.768788943054567 5.378159693447186
0 10.0 8.769000754801086 5.278159917768518
0 10.2 8.769212566547605 5.178160142089849
0 10.4 8.769424378294124 5.078160366411181
0 10.6 8.769636190040643 4.978160590732513
0 10.8 8.769848001787162 4.878160815053844
0 11.0 8.770059813533681 4.778161039375176
0 11.2 8.7702716252802 4.6781612636965075
0 11.4 8.77048343702672 4.578161488017839
0 11.6 8.770695248773238 4.478161712339171
0 11.8 8.770907060519757 4.3781619366605025
0 12.0 8.771118872266277 4.278162160981834
0 12.2 8.771330684012796 4.178162385303166
0 12.4 8.771542495759315 4.078162609624497
0 12.6 8.771754307505834 3.9781628339458286
0 12.8 8.771966119252353 3.87816305826716
0 13.0 8.772177930998872 3.778163282588491
0 13.2 8.772389742745391 3.678163506909822
0 13.4 8.77260155449191 3.5781637312311534
0 13.6 8.772813366238429 3.4781639555524846
0 13.8 8.773025177984948 3.378164179873816
0 14.0 8.773236989731467 3.278164404195147
0 14.2 8.773448801477986 3.178164628516478
0 14.4 8.773660613224505 3.0781648528378094
0 14.6 8.773872424971024 2.9781650771591406
0 14.8 8.774084236717544 2.878165301480472
0 15.0 8.774296048464063 2.778165525801803
0 15.2 8.774507860210582 2.678165750123134
0 15.4 8.77484292167237 2.5199777762695574
0 15.6 8.874337015398835 2.530023935413706
0 15.8 8.9738311091253 2.5400700945578545
0 16.0 9.073325202851764 2.550116253702003
0 16.2 9.17281929657823 2.5601624128461515
0 16.4 9.272313390304694 2.5702085719903
0 16.6 9.371807484031159 2.5802547311344486
0 16.8 9.471301577757623 2.590300890278597
0 17.0 9.570795671484088 2.6003470494227456
0 17.2 9.670289765210553 2.610393208566894
0 17.4 9.769783858937018 2.6204393677110427
0 17.6 9.869277952663483 2.630485526855191
0 17.8 9.968772046389947 2.6405316859993397
0 18.0 10.068266140116412 2.6505778451434883
0 18.2 10.167760233842877 2.660624004287637
0 18.4 10.267254327569342 2.6706701634317853
0 18.6 10.366748421295807 2.680716322575934
0 18.8 10.466242515022271 2.6907624817200824
0 19.0 10.565736608748736 2.700808640864231
0 19.2 10.6652307024752 2.7108548000083794
0 19.4 10.764724796201666 2.720900959152528
0 19.6 10.86421888992813 2.7309471182966765
0 19.8 10.963712983654595 2.740993277440825
0 20.0 11.06320707738106 2.7510394365849735
0 20.2 11.162701171107525 2.761085595729122
0 20.4 11.26219526483399 2.7711317548732706
0 20.6 11.361689358560454 2.781177914017419
0 20.8 11.46118345228692 2.7912240731615676
0 21.0 11.560677546013384 2.801270232305716
0 21.2 11.660171639739849 2.8113163914498647
0 21.4 11.759665733466313 2.821362550594013
0 21.6 11.859159827192778 2.8314087097381617
0 21.8 11.958653920919243 2.8414548688823102
0 22.0 12.058148014645708 2.8515010280264588
0 22.2 12.157642108372173 2.8615471871706073
0 22.4 12.257136202098637 2.871593346314756
0 22.6 12.356630295825102 2.8816395054589043
0 22.8 12.456124389551567 2.891685664603053
0 23.0 12.555618483278032 2.9017318237472014
0 23.2 12.655112577004497 2.91177798289135
0 23.4 12.754606670730961 2.9218241420354985
0 23.6 12.854100764457426 2.931870301179647
0 23.8 12.953594858183891 2.9419164603237955
0 24.0 13.053088951910356 2.951962619467944
0 24.2 13.15258304563682 2.9620087786120926
0 24.4 13.252077139363285 2.972054937756241
0 24.6 13.35157123308975 2.9821010969003896
0 24.8 13.451065326816215 2.992147256044538
0 25.0 13.55055942054268 3.0021934151886867
0 25.2 13.650053514269144 3.012239574332835
0 25.4 13.74954760799561 3.0222857334769837
0 25.6 13.849041701722074 3.0323318926211322
0 25.8 13.948535795448539 3.0423780517652808
0 26.0 14.048029889175004 3.0524242109094293
0 26.2 14.147523982901468 3.062470370053578
0 26.4 14.247018076627933 3.0725165291977263
0 26.6 14.346512170354398 3.082562688341875
0 26.8 14.446006264080863 3.0926088474860234
0 27.0 14.545500357807327 3.102655006630172
0 27.2 14.644994451533792 3.1127011657743204
0 27.4 14.744488545260257 3.122747324918469
0 27.6 14.843982638986722 3.1327934840626175
0 27.8 14.943476732713187 3.142839643206766
0 28.0 15.042970826439651 3.1528858023509145
0 28.2 15.142464920166116 3.162931961495063
0 28.4 15.241959013892581 3.1729781206392116
0 28.6 15.341453107619046 3.18302427978336
0 28.8 15.456566478762856 3.194647555123802
0 29.0 15.419176226586805 3.287394355835262
0 29.2 15.381785974410754 3.3801411565467223
0 29.4 15.344395722234703 3.4728879572581826
0 29.6 15.307005470058652 3.565634757969643
0 29.8 15.2696152178826 3.658381558681103
0 30.0 15.23222496570655 3.7511283593925633
0 30.2 15.194834713530499 3.8438751601040235
0 30.4 15.157444461354448 3.9366219608154838
0 30.6 15.120054209178397 4.0293687615269445
0 30.8 15.082663957002346 4.122115562238405
0 31.0 15.045273704826295 4.214862362949866
0 31.2 15.007883452650244 4.3076091636613265
0 31.4 14.970493200474193 4.400355964372787
0 31.6 14.933102948298142 4.493102765084248
0 31.8 14.895712696122091 4.585849565795709
0 32.0 14.85832244394604 4.678596366507169
0 32.2 14.82093219176999 4.77134316721863
0 32.4 14.783541939593938 4.864089967930091
0 32.6 14.746151687417887 4.956836768641551
0 32.8 14.708761435241836 5.049583569353012
0 33.0 14.671371183065785 5.142330370064473
0 33.2 14.633980930889734 5.235077170775933
0 33.4 14.596590678713683 5.327823971487394
0 33.6 14.559200426537632 5.420570772198855
0 33.8 14.521810174361582 5.513317572910315
0 34.0 14.48441992218553 5.606064373621776
0 34.2 14.44702967000948 5.698811174333237
0 34.4 14.409639417833429 5.7915579750446975
0 34.6 14.372249165657378 5.884304775756158
0 34.8 14.334858913481327 5.977051576467619
0 35.0 14.297468661305276 6.0697983771790796
0 35.2 14.260078409129225 6.16254517789054
0 35.4 14.222688156953174 6.255291978602001
0 35.6 14.185297904777123 6.348038779313462
0 35.8 14.147907652601072 6.440785580024922
0 36.0 14.110517400425021 6.533532380736383
0 36.2 14.07312714824897 6.626279181447844
0 36.4 14.035736896072919 6.719025982159304
0 36.6 13.998346643896868 6.811772782870765
0 36.8 13.960956391720817 6.904519583582226
0 37.0 13.923566139544766 6.997266384293686
0 37.2 13.886175887368715 7.090013185005147
0 37.4 13.848785635192664 7.182759985716608
0 37.6 13.811395383016613 7.2755067864280685
0 37.8 13.774005130840562 7.368253587139529
0 38.0 13.736614878664511 7.46100038785099
0 38.2 13.69922462648846 7.5537471885624505
0 38.4 13.66183437431241 7.646493989273911
0 38.6 13.624444122136358 7.739240789985372
0 38.8 13.587053869960307 7.831987590696833
0 39.0 13.549663617784256 7.924734391408293
0 39.2 13.512273365608205 8.017481192119753
0 39.4 13.474883113432155 8.110227992831213
0 39.6 13.437492861256104 8.202974793542673
0 39.8 13.400102609080053 8.295721594254132
0 40.0 13.362712356904002 8.388468394965592
0 40.2 13.32532210472795 8.481215195677052
0 40.4 13.2879318525519 8.573961996388512
0 40.6 13.250541600375849 8.666708797099972
0 40.8 13.213151348199798 8.759455597811431
0 41.0 13.175761096023747 8.852202398522891
0 41.2 13.138370843847696 8.944949199234351
0 41.4 13.100980591671645 9.03769599994581
0 41.6 13.063590339495594 9.13044280065727
0 41.8 13.026200087319543 9.22318960136873
0 42.0 12.988809835143492 9.31593640208019
0 42.2 12.951419582967441 9.40868320279165
0 42.4 12.91402933079139 9.50143000350311
0 42.6 12.876639078615339 9.59417680421457
0 42.8 12.839248826439288 9.68692360492603
0 43.0 12.801858574263237 9.77967040563749
0 43.2 12.764468322087186 9.872417206348949
0 43.4 12.727078069911135 9.965164007060409
0 43.6 12.689687817735084 10.057910807771869
0 43.8 12.652297565559033 10.150657608483328
0 44.0 12.614907313382982 10.243404409194788
0 44.2 12.577517061206931 10.336151209906248
0 44.4 12.54012680903088 10.428898010617708
0 44.6 12.50273655685483 10.521644811329168
0 44.8 12.465346304678778 10.614391612040627
0 45.0 12.427956052502728 10.707138412752087
0 45.2 12.390565800326677 10.799885213463547
0 45.4 12.353175548150626 10.892632014175007
0 45.6 12.315785295974575 10.985378814886467
0 45.8 12.278395043798524 11.078125615597926
0 46.0 12.241004791622473 11.170872416309386
0 46.2 12.203614539446422 11.263619217020846
0 46.4 12.16622428727037 11.356366017732306
0 46.6 12.12883403509432 11.449112818443766
0 46.8 12.091443782918269 11.541859619155225
0 47.0 12.054053530742218 11.634606419866685
0 47.2 12.016663278566167 11.727353220578145
0 47.4 11.979273026390116 11.820100021289605
0 47.6 11.941882774214065 11.912846822001065
0 47.8 11.904492522038014 12.005593622712524
0 48.0 11.867102269861963 12.098340423423984
0 48.2 11.829712017685912 12.191087224135444
0 48.4 11.792321765509861 12.283834024846904
0 48.6 11.75493151333381 12.376580825558364
0 48.8 11.71754126115776 12.469327626269823
0 49.0 11.680151008981708 12.562074426981283
0 49.2 11.642760756805657 12.654821227692743
0 49.4 11.605370504629606 12.747568028404203
0 49.6 11.567980252453555 12.840314829115663
0 49.8 11.530590000277504 12.933061629827122
0 50.0 11.493199748101453 13.025808430538582
0 50.2 11.455809495925402 13.118555231250042
0 50.4 11.418419243749351 13.211302031961502
0 50.6 11.3810289915733 13.304048832672962
0 50.8 11.34363873939725 13.396795633384421
0 51.0 11.306248487221199 13.489542434095881
0 51.2 11.268858235045148 13.582289234807341
0 51.4 11.231467982869097 13.6750360355188
0 51.6 11.194077730693046 13.76778283623026
0 51.8 11.156687478516995 13.86052963694172
0 52.0 11.119297226340944 13.95327643765318
0 52.2 11.081906974164893 14.04602323836464
0 52.4 11.044516721988842 14.1387700390761
0 52.6 11.00712646981279 14.23151683978756
0 52.8 10.96973621763674 14.32426364049902
0 53.0 10.932345965460689 14.41701044121048
0 53.2 10.894955713284638 14.509757241921939
0 53.4 10.857565461108587 14.602504042633399
0 53.6 10.820175208932536 14.695250843344859
0 53.8 10.782784956756485 14.787997644056318
0 54.0 10.745394704580434 14.880744444767778
0 54.2 10.708004452404383 14.973491245479238
0 54.4 10.670614200228332 15.066238046190698
0 54.6 10.633223948052281 15.158984846902158
0 54.8 10.59583369587623 15.251731647613617
0 55.0 10.55844344370018 15.344478448325077
0 55.2 10.521053191524128 15.437225249036537
0 55.4 10.483662939348077 15.529972049747997
0 55.6 10.446272687172026 15.622718850459457
0 55.8 10.408882434995975 15.715465651170916
0 56.0 10.371492182819924 15.808212451882376
0 56.2 10.334101930643874 15.900959252593836
0 56.4 10.296711678467823 15.993706053305296
0 56.6 10.259321426291772 16.086452854016756
0 56.8 10.22193117411572 16.179199654728215
0 57.0 10.18454092193967 16.271946455439675
0 57.2 10.147150669763619 16.364693256151135
0 57.4 10.109760417587568 16.457440056862595
0 57.6 10.072370165411517 16.550186857574054
0 57.8 10.034979913235466 16.642933658285514
0 58.0 9.997589661059415 16.735680458996974
0 58.2 9.960199408883364 16.828427259708434
0 58.4 9.922809156707313 16.921174060419894
0 58.6 9.885418904531262 17.013920861131353
0 58.8 9.848028652355211 17.106667661842813
0 59.0 9.81063840017916 17.199414462554273
0 59.2 9.773248148003109 17.292161263265733
0 59.4 9.735857895827058 17.384908063977193
0 59.6 9.698467643651007 17.477654864688652
0 59.8 9.661077391474956 17.570401665400112
0 60.0 9.623687139298905 17.663148466111572
0 60.2 9.586296887122854 17.755895266823032
0 60.4 9.548906634946803 17.84864206753449
0 60.6 9.511516382770752 17.94138886824595
0 60.8 9.474126130594701 18.03413566895741
0 61.0 9.43673587841865 18.12688246966887
0 61.2 9.3993456262426 18.21962927038033
0 61.4 9.361955374066548 18.31237607109179
0 61.6 9.324565121890497 18.40512287180325
0 61.8 9.287174869714447 18.49786967251471
0 62.0 9.249784617538396 18.59061647322617
0 62.2 9.212394365362345 18.68336327393763
0 62.4 9.175004113186294 18.77611007464909
0 62.6 9.137613861010243 18.86885687536055
0 62.8 9.100223608834192 18.96160367607201
0 63.0 9.06283335665814 19.05435047678347
0 63.2 9.02544310448209 19.14709727749493
0 63.4 8.971953542084874 19.279778537852547
0 63.6 9.027317306021198 19.196502769211225
0 63.8 9.082681069957522 19.113227000569903
0 64.0 9.138044833893845 19.02995123192858
0 64.2 9.19340859783017 18.94667546328726
0 64.4 9.248772361766493 18.86339969464594
0 64.6 9.304136125702817 18.780123926004617
0 64.8 9.35949988963914 18.696848157363295
0 65.0 9.414863653575464 18.613572388721973
0 65.2 9.470227417511788 18.53029662008065
0 65.4 9.525591181448112 18.44702085143933
0 65.6 9.580954945384436 18.363745082798008
0 65.8 9.63631870932076 18.280469314156687
0 66.0 9.691682473257083 18.197193545515365
0 66.2 9.747046237193407 18.113917776874043
0 66.4 9.802410001129731 18.03064200823272
0 66.6 9.857773765066055 17.9473662395914
0 66.8 9.913137529002379 17.864090470950078
0 67.0 9.968501292938702 17.780814702308756
0 67.2 10.023865056875026 17.697538933667435
0 67.4 10.07922882081135 17.614263165026113
0 67.6 10.134592584747674 17.53098739638479
0 67.8 10.189956348683998 17.44771162774347
0 68.0 10.245320112620321 17.364435859102148
0 68.2 10.300683876556645 17.281160090460826
0 68.4 10.356047640492969 17.197884321819505
0 68.6 10.411411404429293 17.114608553178183
0 68.8 10.466775168365617 17.03133278453686
0 69.0 10.52213893230194 16.94805701589554
0 69.2 10.577502696238264 16.864781247254218
0 69.4 10.632866460174588 16.781505478612896
0 69.6 10.688230224110912 16.698229709971574
0 69.8 10.743593988047236 16.614953941330253
0 70.0 10.79895775198356 16.53167817268893
0 70.2 10.854321515919883 16.44840240404761
0 70.4 10.909685279856207 16.365126635406288
0 70.6 10.965049043792531 16.281850866764966
0 70.8 11.020412807728855 16.198575098123644
0 71.0 11.075776571665179 16.115299329482323
0 71.2 11.131140335601502 16.032023560841
0 71.4 11.186504099537826 15.94874779219968
0 71.6 11.24186786347415 15.865472023558358
0 71.8 11.297231627410474 15.782196254917036
0 72.0 11.352595391346798 15.698920486275714
0 72.2 11.407959155283121 15.615644717634392
0 72.4 11.463322919219445 15.53236894899307
0 72.6 11.518686683155769 15.449093180351749
0 72.8 11.574050447092093 15.365817411710427
0 73.0 11.629414211028417 15.282541643069106
0 73.2 11.68477797496474 15.199265874427784
0 73.4 11.740141738901064 15.115990105786462
0 73.6 11.795505502837388 15.03271433714514
0 73.8 11.850869266773712 14.949438568503819
0 74.0 11.906233030710036 14.866162799862497
0 74.2 11.96159679464636 14.782887031221176
0 74.4 12.016960558582683 14.699611262579854
0 74.6 12.072324322519007 14.616335493938532
0 74.8 12.127688086455331 14.53305972529721
0 75.0 12.183051850391655 14.449783956655889
0 75.2 12.238415614327979 14.366508188014567
0 75.4 12.293779378264302 14.283232419373245
0 75.6 12.349143142200626 14.199956650731924
0 75.8 12.40450690613695 14.116680882090602
0 76.0 12.459870670073274 14.03340511344928
0 76.2 12.515234434009598 13.950129344807959
0 76.4 12.570598197945921 13.866853576166637
0 76.6 12.625961961882245 13.783577807525315
0 76.8 12.681325725818569 13.700302038883994
0 77.0 12.736689489754893 13.617026270242672
0 77.2 12.792053253691217 13.53375050160135
0 77.4 12.84741701762754 13.450474732960028
0 77.6 12.902780781563864 13.367198964318707
0 77.8 12.958144545500188 13.283923195677385
0 78.0 13.013508309436512 13.200647427036063
0 78.2 13.068872073372836 13.117371658394742
0 78.4 13.12423583730916 13.03409588975342
0 78.6 13.179599601245483 12.950820121112098
0 78.8 13.234963365181807 12.867544352470777
0 79.0 13.29032712911813 12.784268583829455
0 79.2 13.345690893054455 12.700992815188133
0 79.4 13.401054656990778 12.617717046546812
0 79.6 13.456418420927102 12.53444127790549
0 79.8 13.511782184863426 12.451165509264168
0 80.0 13.56714594879975 12.367889740622847
0 80.2 13.622509712736074 12.284613971981525
0 80.4 13.677873476672398 12.201338203340203
0 80.6 13.733237240608721 12.118062434698881
0 80.8 13.788601004545045 12.03478666605756
0 81.0 13.843964768481369 11.951510897416238
0 81.2 13.899328532417693 11.868235128774916
0 81.4 13.954692296354017 11.784959360133595
0 81.6 14.01005606029034 11.701683591492273
0 81.8 14.065419824226664 11.618407822850951
0 82.0 14.120783588162988 11.53513205420963
0 82.2 14.176147352099312 11.451856285568308
0 82.4 14.231511116035636 11.368580516926986
0 82.6 14.28687487997196 11.285304748285665
0 82.8 14.342238643908283 11.202028979644343
0 83.0 14.397602407844607 11.118753211003021
0 83.2 14.45296617178093 11.0354774423617
0 83.4 14.508329935717255 10.952201673720378
0 83.6 14.563693699653578 10.868925905079056
0 83.8 14.619057463589902 10.785650136437734
0 84.0 14.674421227526226 10.702374367796413
0 84.2 14.72978499146255 10.619098599155091
0 84.4 14.785148755398874 10.53582283051377
0 84.6 14.840512519335197 10.452547061872448
0 84.8 14.895876283271521 10.369271293231126
0 85.0 14.951240047207845 10.285995524589804
0 85.2 15.006603811144169 10.202719755948483
0 85.4 15.061967575080493 10.11944398730716
0 85.6 15.117331339016816 10.03616821866584
0 85.8 15.17269510295314 9.952892450024518
0 86.0 15.228058866889464 9.869616681383196
0 86.2 15.283422630825788 9.786340912741874
0 86.4 15.338786394762112 9.703065144100552
0 86.6 15.394150158698436 9.61978937545923
0 86.8 15.44951392263476 9.536513606817909
0 87.0 15.504877686571083 9.453237838176587
0 87.2 15.560241450507407 9.369962069535266
0 87.4 15.61560521444373 9.286686300893944
0 87.6 15.670968978380055 9.203410532252622
0 87.8 15.726332742316378 9.1201347636113
0 88.0 15.781696506252702 9.036858994969979
0 88.2 15.837060270189026 8.953583226328657
0 88.4 15.89242403412535 8.870307457687336
0 88.6 15.947787798061674 8.787031689046014
0 88.8 16.003151561998 8.703755920404692
0 89.0 16.058515325934323 8.62048015176337
0 89.2 16.113879089870647 8.537204383122049
0 89.4 16.16924285380697 8.453928614480727
0 89.6 16.224606617743294 8.370652845839405
0 89.8 16.279970381679618 8.287377077198084
0 90.0 16.335334145615942 8.204101308556762
0 90.2 16.390697909552266 8.12082553991544
0 90.4 16.44606167348859 8.037549771274119
0 90.6 16.501425437424913 7.954274002632797
0 90.8 16.556789201361237 7.870998233991475
0 91.0 16.61215296529756 7.7877224653501536
0 91.2 16.667516729233885 7.704446696708832
0 91.4 16.72288049317021 7.62117092806751
0 91.6 16.778244257106532 7.5378951594261885
0 91.8 16.833608021042856 7.454619390784867
0 92.0 16.88897178497918 7.371343622143545
0 92.2 16.944335548915504 7.288067853502223
0 92.4 16.999699312851828 7.204792084860902
0 92.6 17.05506307678815 7.12151631621958
0 92.8 17.110426840724475 7.038240547578258
0 93.0 17.1657906046608 6.954964778936937
0 93.2 17.221154368597123 6.871689010295615
0 93.4 17.276518132533447 6.788413241654293
0 93.6 17.33188189646977 6.705137473012972
0 93.8 17.387245660406094 6.62186170437165
0 94.0 17.442609424342418 6.538585935730328
0 94.2 17.497973188278742 6.4553101670890065
0 94.4 17.562308017410146 6.35854051189577
0 94.6 17.50646293761904 6.441494276506698
0 94.8 17.450617857827936 6.524448041117626
0 95.0 17.39477277803683 6.607401805728554
0 95.2 17.338927698245726 6.690355570339483
0 95.4 17.28308261845462 6.773309334950411
0 95.6 17.227237538663516 6.856263099561339
0 95.8 17.17139245887241 6.939216864172267
0 96.0 17.115547379081306 7.022170628783195
0 96.2 17.0597022992902 7.1051243933941235
0 96.4 17.003857219499096 7.188078158005052
0 96.6 16.94801213970799 7.27103192261598
0 96.8 16.892167059916886 7.353985687226908
0 97.0 16.83632198012578 7.436939451837836
0 97.2 16.780476900334676 7.519893216448764
0 97.4 16.72463182054357 7.602846981059693
0 97.6 16.668786740752466 7.685800745670621
0 97.8 16.61294166096136 7.768754510281549
0 98.0 16.557096581170256 7.851708274892477
0 98.2 16.50125150137915 7.934662039503405
0 98.4 16.445406421588046 8.017615804114333
0 98.6 16.38956134179694 8.10056956872526
0 98.8 16.333716262005836 8.183523333336188
0 99.0 16.27787118221473 8.266477097947115
0 99.2 16.222026102423627 8.349430862558043
0 99.4 16.16618102263252 8.43238462716897
0 99.6 16.110335942841417 8.515338391779897
0 99.8 16.05449086305031 8.598292156390825
0 100.0 15.998645783259207 8.681245921001752
0 100.2 15.942800703468102 8.76419968561268
0 100.4 15.886955623676997 8.847153450223606
0 100.6 15.831110543885892 8.930107214834534
0 100.8 15.775265464094787 9.013060979445461
0 101.0 15.719420384303682 9.096014744056388
0 101.2 15.663575304512577 9.178968508667316
0 101.4 15.607730224721472 9.261922273278243
0 101.6 15.551885144930367 9.34487603788917
0 101.8 15.496040065139262 9.427829802500098
0 102.0 15.440194985348157 9.510783567111025
0 102.2 15.384349905557052 9.593737331721952
0 102.4 15.328504825765947 9.67669109633288
0 102.6 15.272659745974842 9.759644860943807
0 102.8 15.216814666183737 9.842598625554734
0 103.0 15.160969586392632 9.925552390165661
0 103.2 15.105124506601527 10.008506154776589
0 103.4 15.049279426810422 10.091459919387516
0 103.6 14.993434347019317 10.174413683998443
0 103.8 14.937589267228212 10.25736744860937
0 104.0 14.881744187437107 10.340321213220298
0 104.2 14.825899107646002 10.423274977831225
0 104.4 14.770054027854897 10.506228742442152
0 104.6 14.714208948063792 10.58918250705308
0 104.8 14.658363868272687 10.672136271664007
0 105.0 14.602518788481582 10.755090036274934
0 105.2 14.546673708690477 10.838043800885862
0 105.4 14.490828628899372 10.920997565496789
0 105.6 14.434983549108267 11.003951330107716
0 105.8 14.379138469317162 11.086905094718643
0 106.0 14.323293389526057 11.16985885932957
0 106.2 14.267448309734952 11.252812623940498
0 106.4 14.211603229943847 11.335766388551425
0 106.6 14.155758150152742 11.418720153162353
0 106.8 14.099913070361637 11.50167391777328
0 107.0 14.044067990570532 11.584627682384207
0 107.2 13.988222910779427 11.667581446995134
0 107.4 13.932377830988322 11.750535211606062
0 107.6 13.876532751197217 11.833488976216989
0 107.8 13.820687671406112 11.916442740827916
0 108.0 13.764842591615007 11.999396505438844
0 108.2 13.708997511823902 12.082350270049771
0 108.4 13.653152432032797 12.165304034660698
0 108.6 13.597307352241693 12.248257799271626
0 108.8 13.541462272450588 12.331211563882553
0 109.0 13.485617192659483 12.41416532849348
0 109.2 13.429772112868378 12.497119093104407
0 109.4 13.373927033077273 12.580072857715335
0 109.6 13.318081953286168 12.663026622326262
0 109.8 13.262236873495063 12.74598038693719
0 110.0 13.206391793703958 12.828934151548117
0 110.2 13.150546713912853 12.911887916159044
0 110.4 13.094701634121748 12.994841680769971
0 110.6 13.038856554330643 13.077795445380898
0 110.8 12.983011474539538 13.160749209991826
0 111.0 12.927166394748433 13.243702974602753
0 111.2 12.871321314957328 13.32665673921368
0 111.4 12.815476235166223 13.409610503824608
0 111.6 12.759631155375118 13.492564268435535
0 111.8 12.703786075584013 13.575518033046462
0 112.0 12.647940995792908 13.65847179765739
0 112.2 12.592095916001803 13.741425562268317
0 112.4 12.536250836210698 13.824379326879244
0 112.6 12.480405756419593 13.907333091490171
0 112.8 12.424560676628488 13.990286856101099
0 113.0 12.368715596837383 14.073240620712026
0 113.2 12.312870517046278 14.156194385322953
0 113.4 12.257025437255173 14.23914814993388
0 113.6 12.201180357464068 14.322101914544808
0 113.8 12.145335277672963 14.405055679155735
0 114.0 12.089490197881858 14.488009443766662
0 114.2 12.033645118090753 14.57096320837759
0 114.4 11.977800038299648 14.653916972988517
0 114.6 11.921954958508543 14.736870737599444
0 114.8 11.866109878717438 14.819824502210372
0 115.0 11.810264798926333 14.902778266821299
0 115.2 11.754419719135228 14.985732031432226
0 115.4 11.698574639344123 15.068685796043154
0 115.6 11.642729559553018 15.15163956065408
0 115.8 11.586884479761913 15.234593325265008
0 116.0 11.531039399970808 15.317547089875935
0 116.2 11.475194320179703 15.400500854486863
0 116.4 11.419349240388598 15.48345461909779
0 116.6 11.363504160597493 15.566408383708717
0 116.8 11.294957413821688 15.668229541779672
0 117.0 11.378648076318346 15.613494973078799
0 117.2 11.462338738815003 15.558760404377926
0 117.4 11.54602940131166 15.504025835677053
0 117.6 11.629720063808318 15.44929126697618
0 117.8 11.713410726304975 15.394556698275307
0 118.0 11.797101388801632 15.339822129574435
0 118.2 11.88079205129829 15.285087560873562
0 118.4 11.964482713794947 15.230352992172689
0 118.6 12.048173376291604 15.175618423471816
0 118.8 12.131864038788262 15.120883854770943
0 119.0 12.215554701284919 15.06614928607007
0 119.2 12.299245363781576 15.011414717369197
0 119.4 12.382936026278234 14.956680148668324
0 119.6 12.466626688774891 14.901945579967451
0 119.8 12.550317351271548 14.847211011266578
0 120.0 12.634008013768206 14.792476442565706
0 120.2 12.717698676264863 14.737741873864833
0 120.4 12.80138933876152 14.68300730516396
0 120.6 12.885080001258178 14.628272736463087
0 120.8 12.968770663754835 14.573538167762214
0 121.0 13.052461326251493 14.518803599061341
0 121.2 13.13615198874815 14.464069030360468
0 121.4 13.219842651244807 14.409334461659595
0 121.6 13.303533313741465 14.354599892958722
0 121.8 13.387223976238122 14.29986532425785
0 122.0 13.47091463873478 14.245130755556977
0 122.2 13.554605301231437 14.190396186856104
0 122.4 13.638295963728094 14.13566161815523
0 122.6 13.721986626224751 14.080927049454358
0 122.8 13.805677288721409 14.026192480753485
0 123.0 13.889367951218066 13.971457912052612
0 123.2 13.973058613714723 13.91672334335174
0 123.4 14.05674927621138 13.861988774650866
0 123.6 14.140439938708038 13.807254205949993
0 123.8 14.224130601204696 13.75251963724912
0 124.0 14.307821263701353 13.697785068548248
0 124.2 14.39151192619801 13.643050499847375
0 124.4 14.475202588694668 13.588315931146502
0 124.6 14.558893251191325 13.533581362445629
0 124.8 14.642583913687982 13.478846793744756
0 125.0 14.72627457618464 13.424112225043883
0 125.2 14.809965238681297 13.36937765634301
0 125.4 14.893655901177954 13.314643087642137
0 125.6 14.977346563674612 13.259908518941264
0 125.8 15.061037226171269 13.205173950240392
0 126.0 15.144727888667926 13.150439381539519
0 126.2 15.228418551164584 13.095704812838646
0 126.4 15.312109213661241 13.040970244137773
0 126.6 15.395799876157898 12.9862356754369
0 126.8 15.479490538654556 12.931501106736027
0 127.0 15.563181201151213 12.876766538035154
0 127.2 15.64687186364787 12.822031969334281
0 127.4 15.730562526144528 12.767297400633408
0 127.6 15.814253188641185 12.712562831932535
0 127.8 15.897943851137843 12.657828263231663
0 128.0 15.9816345136345 12.60309369453079
0 128.2 16.065325176131157 12.548359125829917
0 128.4 16.149015838627815 12.493624557129044
0 128.6 16.232706501124472 12.438889988428171
0 128.8 16.31639716362113 12.384155419727298
0 129.0 16.400087826117787 12.329420851026425
0 129.2 16.483778488614444 12.274686282325552
0 129.4 16.5674691511111 12.21995171362468
0 129.6 16.65115981360776 12.165217144923806
0 129.8 16.734850476104416 12.110482576222934
0 130.0 16.818541138601073 12.05574800752206
0 130.2 16.90223180109773 12.001013438821188
0 130.4 16.985922463594388 11.946278870120315
0 130.6 17.069613126091046 11.891544301419442
0 130.8 17.153303788587703 11.836809732718569
0 131.0 17.23699445108436 11.782075164017696
0 131.2 17.320685113581018 11.727340595316823
0 131.4 17.404375776077675 11.67260602661595
0 131.6 17.488066438574332 11.617871457915077
0 131.8 17.57175710107099 11.563136889214205
0 132.0 17.655447763567647 11.508402320513332
0 132.2 17.739138426064304 11.453667751812459
0 132.4 17.82282908856096 11.398933183111586
0 132.6 17.90651975105762 11.344198614410713
0 132.8 17.990210413554276 11.28946404570984
0 133.0 18.073901076050934 11.234729477008967
0 133.2 18.15759173854759 11.179994908308094
0 133.4 18.306213262264947 11.082794877173654
0 133.6 18.339054028724753 10.988341269204808
0 133.8 18.37189479518456 10.893887661235961
0 134.0 18.404735561644365 10.799434053267115
0 134.2 18.43757632810417 10.704980445298268
0 134.4 18.470417094563977 10.610526837329422
0 134.6 18.503257861023783 10.516073229360575
0 134.8 18.53609862748359 10.421619621391729
0 135.0 18.568939393943396 10.327166013422882
0 135.2 18.6017801604032 10.232712405454036
0 135.4 18.634620926863008 10.13825879748519
0 135.6 18.667461693322814 10.043805189516343
0 135.8 18.70030245978262 9.949351581547496
0 136.0 18.733143226242426 9.85489797357865
0 136.2 18.765983992702232 9.760444365609803
0 136.4 18.798824759162038 9.665990757640957
0 136.6 18.831665525621844 9.57153714967211
0 136.8 18.86450629208165 9.477083541703264
0 137.0 18.897347058541456 9.382629933734417
0 137.2 18.930187825001262 9.288176325765571
0 137.4 18.963028591461068 9.193722717796724
0 137.6 18.995869357920874 9.099269109827878
0 137.8 19.02871012438068 9.004815501859031
0 138.0 19.061550890840486 8.910361893890185
0 138.2 19.094391657300292 8.815908285921338
0 138.4 19.1272324237601 8.721454677952492
0 138.6 19.160073190219904 8.627001069983645
0 138.8 19.19291395667971 8.532547462014799
0 139.0 19.225754723139516 8.438093854045952
0 139.2 19.258595489599323 8.343640246077106
0 139.4 19.29143625605913 8.24918663810826
0 139.6 19.324277022518935 8.154733030139413
0 139.8 19.35711778897874 8.060279422170566
0 140.0 19.389958555438547 7.96582581420172
0 140.2 19.422799321898353 7.8713722062328735
0 140.4 19.45564008835816 7.776918598264027
0 140.6 19.488480854817965 7.6824649902951805
0 140.8 19.52132162127777 7.588011382326334
0 141.0 19.554162387737577 7.4935577743574875
0 141.2 19.61255512527703 7.325613924857648
0 141.4 19.518622971275054 7.359917721215326
0 141.6 19.424690817273078 7.394221517573004
0 141.8 19.3307586632711 7.428525313930682
0 142.0 19.236826509269125 7.46282911028836
0 142.2 19.14289435526715 7.497132906646038
0 142.4 19.048962201265173 7.531436703003716
0 142.6 18.955030047263197 7.565740499361394
0 142.8 18.86109789326122 7.600044295719072
0 143.0 18.767165739259244 7.63434809207675
0 143.2 18.673233585257268 7.668651888434428
0 143.4 18.579301431255292 7.702955684792106
0 143.6 18.485369277253316 7.737259481149784
0 143.8 18.39143712325134 7.771563277507462
0 144.0 18.297504969249363 7.80586707386514
0 144.2 18.203572815247387 7.840170870222818
0 144.4 18.10964066124541 7.874474666580496
0 144.6 18.015708507243435 7.908778462938174
0 144.8 17.92177635324146 7.943082259295852
0 145.0 17.827844199239482 7.97738605565353
0 145.2 17.733912045237506 8.011689852011209
0 145.4 17.63997989123553 8.045993648368887
0 145.6 17.546047737233554 8.080297444726565
0 145.8 17.452115583231578 8.114601241084243
0 146.0 17.3581834292296 8.14890503744192
0 146.2 17.264251275227625 8.183208833799599
0 146.4 17.17031912122565 8.217512630157277
0 146.6 17.076386967223673 8.251816426514955
0 146.8 16.982454813221697 8.286120222872633
0 147.0 16.88852265921972 8.32042401923031
0 147.2 16.794590505217744 8.354727815587989
0 147.4 16.70065835121577 8.389031611945667
0 147.6 16.606726197213792 8.423335408303345
0 147.8 16.512794043211816 8.457639204661023
0 148.0 16.41886188920984 8.4919430010187
0 148.2 16.324929735207864 8.526246797376379
0 148.4 16.230997581205887 8.560550593734057
0 148.6 16.13706542720391 8.594854390091735
0 148.8 16.043133273201935 8.629158186449413
0 149.0 15.949201119199959 8.66346198280709
0 149.2 15.855268965197983 8.697765779164769
0 149.4 15.761336811196006 8.732069575522447
0 149.6 15.66740465719403 8.766373371880125
0 149.8 15.573472503192054 8.800677168237803
0 150.0 15.479540349190078 8.83498096459548
0 150.2 15.385608195188102 8.869284760953159
0 150.4 15.291676041186125 8.903588557310837
0 150.6 15.19774388718415 8.937892353668515
0 150.8 15.103811733182173 8.972196150026193
0 151.0 15.009879579180197 9.00649994638387
0 151.2 14.91594742517822 9.040803742741549
0 151.4 14.822015271176245 9.075107539099227
0 151.6 14.728083117174268 9.109411335456905
0 151.8 14.634150963172292 9.143715131814583
0 152.0 14.540218809170316 9.17801892817226
0 152.2 14.44628665516834 9.212322724529939
0 152.4 14.352354501166364 9.246626520887617
0 152.6 14.258422347164387 9.280930317245295
0 152.8 14.164490193162411 9.315234113602973
0 153.0 14.070558039160435 9.34953790996065
0 153.2 13.976625885158459 9.383841706318329
0 153.4 13.882693731156483 9.418145502676007
0 153.6 13.788761577154506 9.452449299033685
0 153.8 13.69482942315253 9.486753095391363
0 154.0 13.600897269150554 9.52105689174904
0 154.2 13.506965115148578 9.555360688106719
0 154.4 13.413032961146602 9.589664484464397
0 154.6 13.319100807144626 9.623968280822075
0 154.8 13.22516865314265 9.658272077179753
0 155.0 13.131236499140673 9.69257587353743
0 155.2 13.037304345138697 9.726879669895109
0 155.4 12.94337219113672 9.761183466252787
0 155.6 12.849440037134745 9.795487262610465
0 155.8 12.755507883132768 9.829791058968143
0 156.0 12.661575729130792 9.86409485532582
0 156.2 12.567643575128816 9.898398651683499
0 156.4 12.47371142112684 9.932702448041177
0 156.6 12.379779267124864 9.967006244398855
0 156.8 12.285847113122887 10.001310040756533
0 157.0 12.191914959120911 10.03561383711421
0 157.2 12.097982805118935 10.069917633471889
0 157.4 12.004050651116959 10.104221429829567
0 157.6 11.910118497114983 10.138525226187244
0 157.8 11.816186343113007 10.172829022544922
0 158.0 11.72225418911103 10.2071328189026
0 158.2 11.628322035109054 10.241436615260278
0 158.4 11.534389881107078 10.275740411617956
0 158.6 11.440457727105102 10.310044207975634
0 158.8 11.346525573103126 10.344348004333312
0 159.0 11.25259341910115 10.37865180069099
0 159.2 11.158661265099173 10.412955597048668
0 159.4 11.064729111097197 10.447259393406346
0 159.6 10.97079695709522 10.481563189764024
0 159.8 10.876864803093245 10.515866986121702
