2 0 6.91892378526 13.7395882878
3 0 3.84594162348 3.90929623597
4 0 19.6324883001 2.03341445695
5 0 13.7100022573 5.82181019712
6 0 5.97574823204 10.841544127
7 0 1.39874185748 1.98168114239
8 0 16.31157534695 18.3733674153
9 0 9.48411387241 16.2054504008
10 0 3.89853538203 16.7645322219
11 0 2.08055381313 6.88569808568
12 0 0.556335713214 7.84859424962
13 0 17.1567002579 5.04746541232
14 0 17.1574914071 12.2635880277
15 0 8.25505110793 5.02276405748
16 0 4.22652554768 0.258016787308
17 0 18.054335677 0.858772218006
18 0 16.2320238741 0.303569236151
19 0 1.06421182664 13.0563734698
20 0 11.8062202608 2.04192887999
21 0 11.2751834165 19.1401478906
22 0 7.21148561731 11.4802931204
23 0 16.0810280995 1.99822246427
24 0 14.6412004257 11.1708722467
25 0 11.5966341182 13.63288939802
26 0 10.642303383 6.26290588702
1 0 10 10
0 0.0 11.236780093759801 5.4367999613522775
0 0.2 11.43604728408633 5.419694790807345
0 0.4 11.635314474412858 5.402589620262412
0 0.6 11.834581664739387 5.385484449717479
0 0.8 12.033848855065916 5.368379279172546
0 1.0 12.233116045392444 5.351274108627614
0 1.2 12.432383235718973 5.334168938082681
0 1.4 12.631650426045502 5.317063767537748
0 1.6 12.83091761637203 5.299958596992815
0 1.8 13.030184806698559 5.282853426447883
0 2.0 13.229451997025087 5.26574825590295
0 2.2 13.428719187351616 5.248643085358017
0 2.4 13.627986377678145 5.231537914813084
0 2.6 13.827253568004673 5.2144327442681515
0 2.8 14.026520758331202 5.197327573723219
0 3.0 14.22578794865773 5.180222403178286
0 3.2 14.42505513898426 5.163117232633353
0 3.4 14.624322329310788 5.14601206208842
0 3.6 14.823589519637316 5.128906891543488
0 3.8 15.022856709963845 5.111801720998555
0 4.0 15.222123900290374 5.094696550453622
0 4.2 15.421391090616902 5.077591379908689
0 4.4 15.620658280943431 5.060486209363757
0 4.6 15.81992547126996 5.043381038818824
0 4.8 16.019192661596488 5.026275868273891
0 5.0 16.218459851923015 5.009170697728958
0 5.2 16.417727042249542 4.9920655271840255
0 5.4 16.61699423257607 4.974960356639093
0 5.6 16.816261422902596 4.95785518609416
0 5.8 17.015528613229122 4.940750015549227
0 6.0 17.21479580355565 4.9236448450042944
0 6.2 17.414062993882176 4.906539674459362
0 6.4 17.613330184208703 4.889434503914429
0 6.6 17.81259737453523 4.872329333369496
0 6.8 18.011864564861757 4.855224162824563
0 7.0 18.211131755188283 4.838118992279631
0 7.2 18.41039894551481 4.821013821734698
0 7.4 18.609666135841337 4.803908651189765
0 7.6 18.808933326167864 4.786803480644832
0 7.8 19.00820051649439 4.7696983100998995
0 8.0 19.207467706820918 4.752593139554967
0 8.2 19.45601704957313 4.731257570515012
0 8.4 19.287078865449782 4.838308446014026
0 8.6 19.118140681326434 4.94535932151304
0 8.8 18.949202497203085 5.052410197012054
0 9.0 18.780264313079737 5.159461072511068
0 9.2 18.61132612895639 5.2665119480100815
0 9.4 18.44238794483304 5.373562823509095
0 9.6 18.273449760709692 5.480613699008109
0 9.8 18.104511576586344 5.587664574507123
0 10.0 17.935573392462995 5.694715450006137
0 10.2 17.766635208339647 5.801766325505151
0 10.4 17.5976970242163 5.908817201004164
0 10.6 17.42875884009295 6.015868076503178
0 10.8 17.2598206559696 6.122918952002192
0 11.0 17.090882471846253 6.229969827501206
0 11.2 16.921944287722905 6.33702070300022
0 11.4 16.753006103599557 6.4440715784992335
0 11.6 16.584067919476208 6.551122453998247
0 11.8 16.41512973535286 6.658173329497261
0 12.0 16.24619155122951 6.765224204996275
0 12.2 16.077253367106163 6.872275080495289
0 12.4 15.908315182982815 6.979325955994303
0 12.6 15.739376998859466 7.086376831493316
0 12.8 15.570438814736118 7.19342770699233
0 13.0 15.40150063061277 7.300478582491344
0 13.2 15.232562446489421 7.407529457990358
0 13.4 15.063624262366073 7.514580333489372
0 13.6 14.894686078242724 7.6216312089883855
0 13.8 14.725747894119376 7.728682084487399
0 14.0 14.556809709996028 7.835732959986413
0 14.2 14.38787152587268 7.942783835485427
0 14.4 14.21893334174933 8.049834710984442
0 14.6 14.049995157625983 8.156885586483456
0 14.8 13.881056973502634 8.263936461982471
0 15.0 13.712118789379286 8.370987337481486
0 15.2 13.543180605255937 8.4780382129805
0 15.4 13.374242421132589 8.585089088479515
0 15.6 13.20530423700924 8.69213996397853
0 15.8 13.036366052885892 8.799190839477545
0 16.0 12.867427868762544 8.90624171497656
0 16.2 12.698489684639195 9.013292590475574
0 16.4 12.529551500515847 9.120343465974589
0 16.6 12.360613316392499 9.227394341473603
0 16.8 12.19167513226915 9.334445216972618
0 17.0 12.022736948145802 9.441496092471633
0 17.2 11.853798764022454 9.548546967970648
0 17.4 11.684860579899105 9.655597843469662
0 17.6 11.515922395775757 9.762648718968677
0 17.8 11.346984211652408 9.869699594467692
0 18.0 11.17804602752906 9.976750469966706
0 18.2 11.009107843405712 10.083801345465721
0 18.4 10.840169659282363 10.190852220964736
0 18.6 10.671231475159015 10.29790309646375
0 18.8 10.502293291035667 10.404953971962765
0 19.0 10.333355106912318 10.51200484746178
0 19.2 10.16441692278897 10.619055722960795
0 19.4 9.995478738665621 10.72610659845981
0 19.6 9.826540554542273 10.833157473958824
0 19.8 9.657602370418925 10.940208349457839
0 20.0 9.488664186295576 11.047259224956854
0 20.2 9.319726002172228 11.154310100455868
0 20.4 9.15078781804888 11.261360975954883
0 20.6 8.981849633925531 11.368411851453898
0 20.8 8.812911449802183 11.475462726952912
0 21.0 8.520844798996162 11.660536284095038
0 21.2 8.567206826911997 11.465984074219305
0 21.4 8.613568854827832 11.271431864343572
0 21.6 8.659930882743668 11.07687965446784
0 21.8 8.706292910659503 10.882327444592107
0 22.0 8.752654938575338 10.687775234716375
0 22.2 8.799016966491173 10.493223024840642
0 22.4 8.845378994407008 10.29867081496491
0 22.6 8.891741022322844 10.104118605089177
0 22.8 8.938103050238679 9.909566395213444
0 23.0 8.984465078154514 9.715014185337711
0 23.2 9.03082710607035 9.520461975461979
0 23.4 9.077189133986185 9.325909765586246
0 23.6 9.12355116190202 9.131357555710514
0 23.8 9.169913189817855 8.936805345834781
0 24.0 9.21627521773369 8.742253135959048
0 24.2 9.262637245649525 8.547700926083316
0 24.4 9.30899927356536 8.353148716207583
0 24.6 9.355361301481196 8.15859650633185
0 24.8 9.401723329397031 7.964044296456118
0 25.0 9.448085357312866 7.769492086580385
0 25.2 9.494447385228701 7.5749398767046525
0 25.4 9.540809413144537 7.38038766682892
0 25.6 9.587171441060372 7.185835456953187
0 25.8 9.633533468976207 6.991283247077455
0 26.0 9.679895496892042 6.796731037201722
0 26.2 9.726257524807878 6.602178827325989
0 26.4 9.772619552723713 6.407626617450257
0 26.6 9.818981580639548 6.213074407574524
0 26.8 9.865343608555383 6.0185221976987915
0 27.0 9.911705636471218 5.823969987823059
0 27.2 9.958067664387054 5.629417777947326
0 27.4 10.045277383761189 5.263453552705128
0 27.6 9.958566727269508 5.083227966145445
0 27.8 9.871856070777827 4.903002379585763
0 28.0 9.785145414286147 4.72277679302608
0 28.2 9.698434757794466 4.542551206466397
0 28.4 9.611724101302785 4.362325619906715
0 28.6 9.525013444811105 4.182100033347032
0 28.8 9.438302788319424 4.001874446787349
0 29.0 9.351592131827744 3.821648860227666
0 29.2 9.264881475336063 3.641423273667983
0 29.4 9.178170818844382 3.4611976871083
0 29.6 9.091460162352702 3.2809721005486168
0 29.8 9.004749505861021 3.1007465139889336
0 30.0 8.91803884936934 2.9205209274292505
0 30.2 8.83132819287766 2.7402953408695674
0 30.4 8.744617536385979 2.5600697543098843
0 30.6 8.657906879894298 2.379844167750201
0 30.8 8.571196223402618 2.199618581190518
0 31.0 8.484485566910937 2.019392994630835
0 31.2 8.397774910419256 1.8391674080711518
0 31.4 8.311064253927576 1.6589418215114686
0 31.6 8.224353597435895 1.4787162349517855
0 31.8 8.137642940944215 1.2984906483921024
0 32.0 8.050932284452534 1.1182650618324192
0 32.2 7.964221627960853 0.9380394752727361
0 32.4 7.877510971469173 0.757813888713053
0 32.6 7.790800314977492 0.5775883021533699
0 32.8 7.704089658485811 0.39736271559368674
0 33.0 7.569512342122946 0.1176476637135937
0 33.2 7.600729314668389 0.31519639346171696
0 33.4 7.631946287213832 0.5127451232098402
0 33.6 7.663163259759275 0.7102938529579634
0 33.8 7.694380232304718 0.9078425827060868
0 34.0 7.725597204850161 1.10539131245421
0 34.2 7.756814177395604 1.3029400422023334
0 34.4 7.788031149941047 1.5004887719504567
0 34.6 7.81924812248649 1.69803750169858
0 34.8 7.850465095031933 1.8955862314467034
0 35.0 7.881682067577376 2.0931349611948264
0 35.2 7.912899040122819 2.2906836909429495
0 35.4 7.944116012668262 2.4882324206910726
0 35.6 7.975332985213705 2.6857811504391957
0 35.8 8.006549957759148 2.883329880187319
0 36.0 8.037766930304592 3.080878609935442
0 36.2 8.068983902850036 3.278427339683565
0 36.4 8.10020087539548 3.475976069431688
0 36.6 8.131417847940924 3.6735247991798112
0 36.8 8.162634820486367 3.8710735289279343
0 37.0 8.193851793031811 4.068622258676058
0 37.2 8.225068765577255 4.266170988424181
0 37.4 8.256285738122699 4.463719718172305
0 37.6 8.287502710668143 4.6612684479204285
0 37.8 8.318719683213587 4.858817177668552
0 38.0 8.34993665575903 5.056365907416676
0 38.2 8.381153628304475 5.253914637164799
0 38.4 8.412370600849918 5.451463366912923
0 38.6 8.443587573395362 5.649012096661046
0 38.8 8.474804545940806 5.84656082640917
0 39.0 8.50602151848625 6.044109556157293
0 39.2 8.537238491031694 6.241658285905417
0 39.4 8.568455463577138 6.43920701565354
0 39.6 8.599672436122582 6.636755745401664
0 39.8 8.630889408668025 6.8343044751497875
0 40.0 8.66210638121347 7.031853204897911
0 40.2 8.693323353758913 7.2294019346460345
0 40.4 8.724540326304357 7.426950664394158
0 40.6 8.755757298849801 7.624499394142282
0 40.8 8.786974271395245 7.822048123890405
0 41.0 8.818191243940689 8.019596853638529
0 41.2 8.849408216486133 8.217145583386651
0 41.4 8.880625189031576 8.414694313134774
0 41.6 8.91184216157702 8.612243042882897
0 41.8 8.943059134122464 8.80979177263102
0 42.0 8.974276106667908 9.007340502379142
0 42.2 9.005493079213352 9.204889232127265
0 42.4 9.036710051758796 9.402437961875387
0 42.6 9.06792702430424 9.59998669162351
0 42.8 9.120887155866729 9.935131513954861
0 43.0 9.290625524988515 10.040909044876491
0 43.2 9.460363894110301 10.146686575798121
0 43.4 9.630102263232088 10.252464106719751
0 43.6 9.799840632353874 10.358241637641381
0 43.8 9.96957900147566 10.464019168563011
0 44.0 10.139317370597446 10.569796699484641
0 44.2 10.309055739719232 10.675574230406271
0 44.4 10.478794108841019 10.781351761327901
0 44.6 10.648532477962805 10.887129292249531
0 44.8 10.818270847084591 10.992906823171161
0 45.0 10.988009216206377 11.098684354092791
0 45.2 11.157747585328163 11.204461885014421
0 45.4 11.32748595444995 11.310239415936051
0 45.6 11.497224323571736 11.416016946857681
0 45.8 11.666962692693522 11.521794477779311
0 46.0 11.836701061815308 11.627572008700941
0 46.2 12.006439430937094 11.733349539622571
0 46.4 12.17617780005888 11.839127070544201
0 46.6 12.345916169180667 11.944904601465831
0 46.8 12.515654538302453 12.050682132387461
0 47.0 12.685392907424239 12.156459663309091
0 47.2 12.855131276546025 12.262237194230721
0 47.4 13.024869645667811 12.368014725152351
0 47.6 13.194608014789598 12.473792256073981
0 47.8 13.364346383911384 12.579569786995611
0 48.0 13.53408475303317 12.685347317917241
0 48.2 13.703823122154956 12.791124848838871
0 48.4 13.873561491276742 12.896902379760501
0 48.6 14.043299860398529 13.002679910682131
0 48.8 14.213038229520315 13.108457441603761
0 49.0 14.382776598642101 13.214234972525391
0 49.2 14.552514967763887 13.320012503447021
0 49.4 14.722253336885673 13.425790034368651
0 49.6 14.89199170600746 13.531567565290281
0 49.8 15.061730075129246 13.637345096211911
0 50.0 15.231468444251032 13.743122627133541
0 50.2 15.401206813372818 13.848900158055171
0 50.4 15.570945182494604 13.954677688976801
0 50.6 15.74068355161639 14.060455219898431
0 50.8 15.910421920738177 14.166232750820061
0 51.0 16.080160289859965 14.272010281741691
0 51.2 16.249898658981753 14.377787812663321
0 51.4 16.41963702810354 14.483565343584951
0 51.6 16.58937539722533 14.589342874506581
0 51.8 16.759113766347117 14.695120405428211
0 52.0 16.928852135468905 14.800897936349841
0 52.2 17.098590504590693 14.906675467271471
0 52.4 17.26832887371248 15.012452998193101
0 52.6 17.43806724283427 15.118230529114731
0 52.8 17.607805611956056 15.224008060036361
0 53.0 17.777543981077844 15.329785590957991
0 53.2 17.947282350199632 15.435563121879621
0 53.4 18.11702071932142 15.541340652801251
0 53.6 18.28675908844321 15.647118183722881
0 53.8 18.456497457564996 15.752895714644511
0 54.0 18.626235826686784 15.858673245566141
0 54.2 18.85041334824446 15.998376159180697
0 54.4 18.65136301648919 15.978909124786192
0 54.6 18.45231268473392 15.959442090391686
0 54.8 18.25326235297865 15.93997505599718
0 55.0 18.05421202122338 15.920508021602675
0 55.2 17.855161689468108 15.90104098720817
0 55.4 17.656111357712838 15.881573952813664
0 55.6 17.457061025957568 15.862106918419158
0 55.8 17.258010694202298 15.842639884024653
0 56.0 17.058960362447028 15.823172849630147
0 56.2 16.859910030691758 15.803705815235642
0 56.4 16.660859698936488 15.784238780841136
0 56.6 16.461809367181218 15.76477174644663
0 56.8 16.262759035425947 15.745304712052125
0 57.0 16.063708703670677 15.72583767765762
0 57.2 15.864658371915407 15.706370643263114
0 57.4 15.665608040160137 15.686903608868608
0 57.6 15.466557708404867 15.667436574474102
0 57.8 15.267507376649597 15.647969540079597
0 58.0 15.068457044894327 15.628502505685091
0 58.2 14.869406713139057 15.609035471290586
0 58.4 14.670356381383787 15.58956843689608
0 58.6 14.471306049628517 15.570101402501574
0 58.8 14.272255717873247 15.550634368107069
0 59.0 14.073205386117976 15.531167333712563
0 59.2 13.874155054362706 15.511700299318058
0 59.4 13.675104722607436 15.492233264923552
0 59.6 13.476054390852166 15.472766230529047
0 59.8 13.277004059096896 15.453299196134541
0 60.0 13.077953727341626 15.433832161740035
0 60.2 12.878903395586356 15.41436512734553
0 60.4 12.679853063831086 15.394898092951024
0 60.6 12.480802732075816 15.375431058556519
0 60.8 12.281752400320546 15.355964024162013
0 61.0 12.082702068565276 15.336496989767507
0 61.2 11.883651736810005 15.317029955373002
0 61.4 11.684601405054735 15.297562920978496
0 61.6 11.485551073299465 15.27809588658399
0 61.8 11.286500741544195 15.258628852189485
0 62.0 11.087450409788925 15.23916181779498
0 62.2 10.888400078033655 15.219694783400474
0 62.4 10.689349746278385 15.200227749005968
0 62.6 10.490299414523115 15.180760714611463
0 62.8 10.291249082767845 15.161293680216957
0 63.0 10.092198751012575 15.141826645822452
0 63.2 9.893148419257304 15.122359611427946
0 63.4 9.694098087502034 15.10289257703344
0 63.6 9.495047755746764 15.083425542638935
0 63.8 9.295997423991494 15.06395850824443
0 64.0 9.096947092236224 15.044491473849924
0 64.2 8.897896760480954 15.025024439455418
0 64.4 8.698846428725684 15.005557405060912
0 64.6 8.499796096970414 14.986090370666407
0 64.8 8.300745765215144 14.966623336271901
0 65.0 8.101695433459874 14.947156301877396
0 65.2 7.9026451017046035 14.92768926748289
0 65.4 7.7035947699493335 14.908222233088384
0 65.6 7.504544438194063 14.888755198693879
0 65.8 7.305494106438793 14.869288164299373
0 66.0 7.106443774683523 14.849821129904868
0 66.2 6.907393442928253 14.830354095510362
0 66.4 6.708343111172983 14.810887061115857
0 66.6 6.509292779417713 14.791420026721351
0 66.8 6.310242447662443 14.771952992326845
0 67.0 6.111192115907173 14.75248595793234
0 67.2 5.912141784151903 14.733018923537834
0 67.4 5.7130914523966325 14.713551889143329
0 67.6 5.514041120641362 14.694084854748823
0 67.8 5.314990788886092 14.674617820354317
0 68.0 5.115940457130822 14.655150785959812
0 68.2 4.916890125375552 14.635683751565306
0 68.4 4.717839793620282 14.6162167171708
0 68.6 4.518789461865012 14.596749682776295
0 68.8 4.319739130109742 14.57728264838179
0 69.0 4.120688798354472 14.557815613987284
0 69.2 3.9216384665992017 14.538348579592778
0 69.4 3.7225881348439316 14.518881545198273
0 69.6 3.5235378030886615 14.499414510803767
0 69.8 3.3244874713333914 14.479947476409261
0 70.0 3.1254371395781213 14.460480442014756
0 70.2 2.926386807822851 14.44101340762025
0 70.4 2.727336476067581 14.421546373225745
0 70.6 2.528286144312311 14.40207933883124
0 70.8 2.329235812557041 14.382612304436734
0 71.0 2.130185480801771 14.363145270042228
0 71.2 1.9311351490465007 14.343678235647722
0 71.4 1.7320848172912306 14.324211201253217
0 71.6 1.5330344855359606 14.304744166858711
0 71.8 1.3339841537806905 14.285277132464206
0 72.0 1.1349338220254204 14.2658100980697
0 72.2 0.9358834902701502 14.246343063675194
0 72.4 0.73683315851488 14.226876029280689
0 72.6 0.5377828267596098 14.207408994886183
0 72.8 0.31003635152276 14.185135490353042
0 73.0 0.4609029134096079 14.053837049751328
0 73.2 0.6117694752964558 13.922538609149614
0 73.4 0.7626360371833036 13.7912401685479
0 73.6 0.9135025990701515 13.659941727946185
0 73.8 1.0643691609569994 13.52864328734447
0 74.0 1.2152357228438473 13.397344846742756
0 74.2 1.3661022847306952 13.266046406141042
0 74.4 1.516968846617543 13.134747965539328
0 74.6 1.667835408504391 13.003449524937613
0 74.8 1.8187019703912388 12.872151084335899
0 75.0 1.9695685322780867 12.740852643734184
0 75.2 2.1204350941649346 12.60955420313247
0 75.4 2.2713016560517825 12.478255762530756
0 75.6 2.4221682179386304 12.346957321929041
0 75.8 2.5730347798254782 12.215658881327327
0 76.0 2.723901341712326 12.084360440725613
0 76.2 2.874767903599174 11.953062000123898
0 76.4 3.025634465486022 11.821763559522184
0 76.6 3.1765010273728698 11.69046511892047
0 76.8 3.3273675892597177 11.559166678318755
0 77.0 3.4782341511465655 11.42786823771704
0 77.2 3.6291007130334134 11.296569797115326
0 77.4 3.7799672749202613 11.165271356513612
0 77.6 3.930833836807109 11.033972915911898
0 77.8 4.0817003986939575 10.902674475310183
0 78.0 4.232566960580805 10.771376034708469
0 78.2 4.383433522467653 10.640077594106755
0 78.4 4.534300084354501 10.50877915350504
0 78.6 4.685166646241349 10.377480712903326
0 78.8 4.836033208128197 10.246182272301612
0 79.0 4.986899770015045 10.114883831699897
0 79.2 5.137766331901893 9.983585391098183
0 79.4 5.288632893788741 9.852286950496469
0 79.6 5.4394994556755885 9.720988509894754
0 79.8 5.590366017562436 9.58969006929304
0 80.0 5.741232579449284 9.458391628691325
0 80.2 5.892099141336132 9.327093188089611
0 80.4 6.04296570322298 9.195794747487897
0 80.6 6.193832265109828 9.064496306886182
0 80.8 6.344698826996676 8.933197866284468
0 81.0 6.495565388883524 8.801899425682754
0 81.2 6.6464319507703715 8.67060098508104
0 81.4 6.797298512657219 8.539302544479325
0 81.6 6.948165074544067 8.40800410387761
0 81.8 7.099031636430915 8.276705663275896
0 82.0 7.249898198317763 8.145407222674182
0 82.2 7.489013541769043 7.93730629343949
0 82.4 7.670017325914137 7.852232031026254
0 82.6 7.851021110059231 7.767157768613019
0 82.8 8.032024894204326 7.682083506199783
0 83.0 8.21302867834942 7.597009243786547
0 83.2 8.394032462494515 7.511934981373312
0 83.4 8.575036246639609 7.426860718960076
0 83.6 8.756040030784703 7.34178645654684
0 83.8 8.937043814929797 7.256712194133605
0 84.0 9.118047599074892 7.171637931720369
0 84.2 9.299051383219986 7.086563669307133
0 84.4 9.48005516736508 7.0014894068938975
0 84.6 9.661058951510174 6.916415144480662
0 84.8 9.842062735655269 6.831340882067426
0 85.0 10.023066519800363 6.7462666196541905
0 85.2 10.204070303945457 6.661192357240955
0 85.4 10.385074088090551 6.576118094827719
0 85.6 10.566077872235645 6.4910438324144835
0 85.8 10.74708165638074 6.405969570001248
0 86.0 10.928085440525834 6.320895307588012
0 86.2 11.109089224670928 6.235821045174776
0 86.4 11.290093008816022 6.150746782761541
0 86.6 11.471096792961117 6.065672520348305
0 86.8 11.65210057710621 5.980598257935069
0 87.0 11.833104361251305 5.895523995521834
0 87.2 12.138709225440834 5.751885515621433
0 87.4 12.044564543700453 5.928341682699839
0 87.6 11.950419861960071 6.104797849778246
0 87.8 11.85627518021969 6.281254016856652
0 88.0 11.762130498479308 6.457710183935058
0 88.2 11.667985816738927 6.634166351013464
0 88.4 11.573841134998545 6.81062251809187
0 88.6 11.479696453258164 6.987078685170276
0 88.8 11.385551771517783 7.163534852248683
0 89.0 11.291407089777401 7.339991019327089
0 89.2 11.19726240803702 7.516447186405495
0 89.4 11.103117726296638 7.692903353483901
0 89.6 11.008973044556257 7.869359520562307
0 89.8 10.914828362815875 8.045815687640713
0 90.0 10.820683681075494 8.22227185471912
0 90.2 10.726538999335112 8.398728021797526
0 90.4 10.63239431759473 8.575184188875932
0 90.6 10.53824963585435 8.751640355954338
0 90.8 10.444104954113968 8.928096523032744
0 91.0 10.349960272373586 9.10455269011115
0 91.2 10.255815590633205 9.281008857189557
0 91.4 10.161670908892823 9.457465024267963
0 91.6 10.067526227152442 9.633921191346369
0 91.8 9.97338154541206 9.810377358424775
0 92.0 9.879236863671679 9.986833525503181
0 92.2 9.785092181931297 10.163289692581587
0 92.4 9.690947500190916 10.339745859659994
0 92.6 9.596802818450534 10.5162020267384
0 92.8 9.452877493805298 10.785962470588494
0 93.0 9.419635643988336 10.588744369439674
0 93.2 9.386393794171374 10.391526268290853
0 93.4 9.353151944354412 10.194308167142033
0 93.6 9.31991009453745 9.997090065993213
0 93.8 9.286668244720488 9.799871964844392
0 94.0 9.253426394903526 9.602653863695572
0 94.2 9.220184545086564 9.405435762546752
0 94.4 9.186942695269602 9.208217661397931
0 94.6 9.15370084545264 9.010999560249111
0 94.8 9.120458995635678 8.81378145910029
0 95.0 9.087217145818716 8.61656335795147
0 95.2 9.053975296001754 8.41934525680265
0 95.4 9.020733446184792 8.22212715565383
0 95.6 8.98749159636783 8.02490905450501
0 95.8 8.954249746550868 7.827690953356188
0 96.0 8.921007896733906 7.630472852207367
0 96.2 8.887766046916944 7.433254751058546
0 96.4 8.854524197099982 7.236036649909725
0 96.6 8.82128234728302 7.038818548760903
0 96.8 8.788040497466058 6.841600447612082
0 97.0 8.754798647649096 6.644382346463261
0 97.2 8.721556797832134 6.44716424531444
0 97.4 8.688314948015172 6.2499461441656186
0 97.6 8.65507309819821 6.052728043016797
0 97.8 8.621831248381248 5.855509941867976
0 98.0 8.588589398564286 5.658291840719155
0 98.2 8.555347548747324 5.461073739570334
0 98.4 8.522105698930362 5.2638556384215125
0 98.6 8.4888638491134 5.066637537272691
0 98.8 8.455621999296438 4.86941943612387
0 99.0 8.422380149479476 4.672201334975049
0 99.2 8.389138299662514 4.474983233826228
0 99.4 8.355896449845552 4.277765132677406
0 99.6 8.32265460002859 4.080547031528585
0 99.8 8.289412750211628 3.8833289303797645
0 100.0 8.256170900394666 3.6861108292309437
0 100.2 8.222929050577704 3.488892728082123
0 100.4 8.189687200760742 3.291674626933302
0 100.6 8.15644535094378 3.0944565257844814
0 100.8 8.123203501126818 2.8972384246356606
0 101.0 8.089961651309856 2.70002032348684
0 101.2 8.056719801492894 2.502802222338019
0 101.4 8.023477951675932 2.3055841211891983
0 101.6 7.9902361018589705 2.1083660200403775
0 101.8 7.9569942520420085 1.9111479188915566
0 102.0 7.9237524022250465 1.7139298177427356
0 102.2 7.8905105524080845 1.5167117165939146
0 102.4 7.8572687025911225 1.3194936154450936
0 102.6 7.81717109477416 1.0816014969915133
0 102.8 7.842482219071909 1.2799933995147361
0 103.0 7.867793343369657 1.478385302037959
0 103.2 7.893104467667405 1.6767772045611817
0 103.4 7.918415591965154 1.8751691070844045
0 103.6 7.943726716262902 2.0735610096076273
0 103.8 7.969037840560651 2.27195291213085
0 104.0 7.994348964858399 2.470344814654073
0 104.2 8.019660089156147 2.6687367171772958
0 104.4 8.044971213453897 2.8671286197005186
0 104.6 8.070282337751646 3.0655205222237414
0 104.8 8.095593462049395 3.263912424746964
0 105.0 8.120904586347145 3.462304327270187
0 105.2 8.146215710644894 3.66069622979341
0 105.4 8.171526834942643 3.8590881323166326
0 105.6 8.196837959240392 4.057480034839855
0 105.8 8.222149083538142 4.255871937363078
0 106.0 8.247460207835891 4.4542638398863
0 106.2 8.27277133213364 4.6526557424095225
0 106.4 8.29808245643139 4.851047644932745
0 106.6 8.323393580729139 5.049439547455967
0 106.8 8.348704705026888 5.24783144997919
0 107.0 8.374015829324637 5.446223352502412
0 107.2 8.399326953622387 5.644615255025634
0 107.4 8.424638077920136 5.843007157548857
0 107.6 8.449949202217885 6.041399060072079
0 107.8 8.475260326515635 6.239790962595301
0 108.0 8.500571450813384 6.438182865118524
0 108.2 8.525882575111133 6.636574767641746
0 108.4 8.551193699408882 6.8349666701649685
0 108.6 8.576504823706632 7.033358572688191
0 108.8 8.601815948004381 7.231750475211413
0 109.0 8.62712707230213 7.430142377734636
0 109.2 8.65243819659988 7.628534280257858
0 109.4 8.677749320897629 7.82692618278108
0 109.6 8.703060445195378 8.025318085304303
0 109.8 8.728371569493127 8.223709987827526
0 110.0 8.753682693790877 8.42210189035075
0 110.2 8.778993818088626 8.620493792873972
0 110.4 8.804304942386375 8.818885695397196
0 110.6 8.829616066684125 9.017277597920419
0 110.8 8.854927190981874 9.215669500443642
0 111.0 8.880238315279623 9.414061402966865
0 111.2 8.905549439577372 9.612453305490089
0 111.4 8.930860563875122 9.810845208013312
0 111.6 8.956171688172871 10.009237110536535
0 111.8 8.98148281247062 10.207629013059758
0 112.0 9.00679393676837 10.406020915582982
0 112.2 9.032105061066119 10.604412818106205
0 112.4 9.057416185363868 10.802804720629428
0 112.6 9.082727309661617 11.001196623152651
0 112.8 9.108038433959367 11.199588525675875
0 113.0 9.133349558257116 11.397980428199098
0 113.2 9.158660682554865 11.596372330722321
0 113.4 9.183971806852615 11.794764233245544
0 113.6 9.209282931150364 11.993156135768768
0 113.8 9.239651196202052 12.231186568912147
0 114.0 9.320142245967071 12.048098636738219
0 114.2 9.40063329573209 11.865010704564291
0 114.4 9.48112434549711 11.681922772390363
0 114.6 9.561615395262129 11.498834840216436
0 114.8 9.642106445027148 11.315746908042508
0 115.0 9.722597494792167 11.13265897586858
0 115.2 9.803088544557186 10.949571043694652
0 115.4 9.883579594322205 10.766483111520724
0 115.6 9.964070644087224 10.583395179346796
0 115.8 10.044561693852243 10.400307247172869
0 116.0 10.125052743617262 10.21721931499894
0 116.2 10.205543793382281 10.034131382825013
0 116.4 10.2860348431473 9.851043450651085
0 116.6 10.36652589291232 9.667955518477157
0 116.8 10.447016942677338 9.48486758630323
0 117.0 10.527507992442358 9.301779654129302
0 117.2 10.607999042207377 9.118691721955374
0 117.4 10.688490091972396 8.935603789781446
0 117.6 10.768981141737415 8.752515857607518
0 117.8 10.849472191502434 8.56942792543359
0 118.0 10.929963241267453 8.386339993259663
0 118.2 11.010454291032472 8.203252061085735
0 118.4 11.090945340797491 8.020164128911807
0 118.6 11.17143639056251 7.837076196737878
0 118.8 11.25192744032753 7.653988264563949
0 119.0 11.332418490092548 7.470900332390021
0 119.2 11.412909539857568 7.287812400216092
0 119.4 11.493400589622587 7.104724468042163
0 119.6 11.573891639387606 6.921636535868235
0 119.8 11.654382689152625 6.738548603694306
0 120.0 11.734873738917644 6.555460671520377
0 120.2 11.815364788682663 6.372372739346448
0 120.4 11.895855838447682 6.18928480717252
0 120.6 11.976346888212701 6.006196874998591
0 120.8 12.05683793797772 5.823108942824662
0 121.0 12.13732898774274 5.640021010650734
0 121.2 12.217820037507758 5.456933078476805
0 121.4 12.298311087272777 5.273845146302876
0 121.6 12.378802137037797 5.090757214128947
0 121.8 12.459293186802816 4.907669281955019
0 122.0 12.539784236567835 4.72458134978109
0 122.2 12.620275286332854 4.541493417607161
0 122.4 12.700766336097873 4.358405485433233
0 122.6 12.781257385862892 4.175317553259304
0 122.8 12.861748435627911 3.992229621085375
0 123.0 12.94223948539293 3.8091416889114464
0 123.2 13.02273053515795 3.6260537567375177
0 123.4 13.103221584922968 3.442965824563589
0 123.6 13.183712634687987 3.2598778923896603
0 123.8 13.264203684453006 3.0767899602157316
0 124.0 13.344694734218026 2.893702028041803
0 124.2 13.425185783983045 2.710614095867874
0 124.4 13.505676833748064 2.5275261636939454
0 124.6 13.586167883513083 2.3444382315200167
0 124.8 13.666658933278102 2.161350299346088
0 125.0 13.747149983043121 1.9782623671721593
0 125.2 13.86857269158291 1.7020697632689896
0 125.4 13.8866848502777 1.9012479490911693
0 125.6 13.904797008972489 2.100426134913349
0 125.8 13.922909167667278 2.299604320735529
0 126.0 13.941021326362067 2.4987825065577085
0 126.2 13.959133485056856 2.6979606923798882
0 126.4 13.977245643751646 2.897138878202068
0 126.6 13.995357802446435 3.0963170640242477
0 126.8 14.013469961141224 3.2954952498464274
0 127.0 14.031582119836013 3.494673435668607
0 127.2 14.049694278530803 3.693851621490787
0 127.4 14.067806437225592 3.8930298073129666
0 127.6 14.085918595920381 4.092207993135147
0 127.8 14.10403075461517 4.291386178957326
0 128.0 14.12214291330996 4.490564364779506
0 128.2 14.140255072004749 4.689742550601686
0 128.4 14.158367230699538 4.888920736423866
0 128.6 14.176479389394327 5.088098922246045
0 128.8 14.194591548089116 5.287277108068225
0 129.0 14.212703706783905 5.486455293890405
0 129.2 14.230815865478695 5.6856334797125845
0 129.4 14.248928024173484 5.884811665534764
0 129.6 14.267040182868273 6.083989851356944
0 129.8 14.285152341563062 6.283168037179124
0 130.0 14.303264500257852 6.482346223001303
0 130.2 14.32137665895264 6.681524408823483
0 130.4 14.33948881764743 6.880702594645663
0 130.6 14.36636118597142 7.176216214071998
0 130.8 14.283483317432365 7.358236155030188
0 131.0 14.20060544889331 7.5402560959883775
0 131.2 14.117727580354254 7.7222760369465675
0 131.4 14.034849711815198 7.9042959779047575
0 131.6 13.951971843276143 8.086315918862947
0 131.8 13.869093974737087 8.268335859821137
0 132.0 13.786216106198031 8.450355800779327
0 132.2 13.703338237658976 8.632375741737517
0 132.4 13.62046036911992 8.814395682695707
0 132.6 13.537582500580864 8.996415623653897
0 132.8 13.454704632041809 9.178435564612087
0 133.0 13.371826763502753 9.360455505570277
0 133.2 13.288948894963697 9.542475446528467
0 133.4 13.206071026424642 9.724495387486657
0 133.6 13.123193157885586 9.906515328444847
0 133.8 13.04031528934653 10.088535269403037
0 134.0 12.957437420807475 10.270555210361227
0 134.2 12.874559552268419 10.452575151319417
0 134.4 12.791681683729363 10.634595092277607
0 134.6 12.708803815190308 10.816615033235797
0 134.8 12.625925946651252 10.998634974193987
0 135.0 12.543048078112196 11.180654915152177
0 135.2 12.46017020957314 11.362674856110367
0 135.4 12.377292341034085 11.544694797068557
0 135.6 12.29441447249503 11.726714738026747
0 135.8 12.211536603955974 11.908734678984937
0 136.0 12.128658735416918 12.090754619943127
0 136.2 12.045780866877863 12.272774560901317
0 136.4 11.962902998338807 12.454794501859507
0 136.6 11.880025129799751 12.636814442817697
0 136.8 11.797147261260696 12.818834383775886
0 137.0 11.71426939272164 13.000854324734076
0 137.2 11.631391524182584 13.182874265692266
0 137.4 11.548513655643529 13.364894206650456
0 137.6 11.465635787104473 13.546914147608646
0 137.8 11.382757918565417 13.728934088566836
0 138.0 11.299880050026362 13.910954029525026
0 138.2 11.217002181487306 14.092973970483216
0 138.4 11.13412431294825 14.274993911441406
0 138.6 11.051246444409195 14.457013852399596
0 138.8 10.968368575870139 14.639033793357786
0 139.0 10.885490707331083 14.821053734315976
0 139.2 10.80225268779648 15.003864654387101
0 139.4 10.83807081053796 14.80709813771499
0 139.6 10.87388893327944 14.610331621042878
0 139.8 10.90970705602092 14.413565104370766
0 140.0 10.9455251787624 14.216798587698655
0 140.2 10.98134330150388 14.020032071026543
0 140.4 11.01716142424536 13.823265554354432
0 140.6 11.05297954698684 13.62649903768232
0 140.8 11.08879766972832 13.429732521010209
0 141.0 11.1246157924698 13.232966004338097
0 141.2 11.16043391521128 13.036199487665986
0 141.4 11.19625203795276 12.839432970993874
0 141.6 11.23207016069424 12.642666454321763
0 141.8 11.26788828343572 12.445899937649651
0 142.0 11.3037064061772 12.24913342097754
0 142.2 11.33952452891868 12.052366904305428
0 142.4 11.37534265166016 11.855600387633316
0 142.6 11.41116077440164 11.658833870961205
0 142.8 11.44697889714312 11.462067354289093
0 143.0 11.4827970198846 11.265300837616982
0 143.2 11.51861514262608 11.06853432094487
0 143.4 11.55443326536756 10.871767804272759
0 143.6 11.59025138810904 10.675001287600647
0 143.8 11.62606951085052 10.478234770928536
0 144.0 11.661887633592 10.281468254256424
0 144.2 11.69770575633348 10.084701737584313
0 144.4 11.73352387907496 9.887935220912201
0 144.6 11.76934200181644 9.69116870424009
0 144.8 11.806829408048383 9.48523199458702
0 145.0 11.774036442258481 9.682525231659916
0 145.2 11.74124347646858 9.879818468732813
0 145.4 11.708450510678677 10.07711170580571
0 145.6 11.675657544888775 10.274404942878606
0 145.8 11.642864579098873 10.471698179951503
0 146.0 11.610071613308971 10.6689914170244
0 146.2 11.57727864751907 10.866284654097296
0 146.4 11.544485681729167 11.063577891170192
0 146.6 11.511692715939265 11.260871128243089
0 146.8 11.478899750149363 11.458164365315985
0 147.0 11.446106784359461 11.655457602388882
0 147.2 11.41331381856956 11.852750839461779
0 147.4 11.380520852779657 12.050044076534675
0 147.6 11.347727886989755 12.247337313607572
0 147.8 11.314934921199853 12.444630550680468
0 148.0 11.282141955409951 12.641923787753365
0 148.2 11.24934898962005 12.839217024826262
0 148.4 11.216556023830147 13.036510261899158
0 148.6 11.183763058040245 13.233803498972055
0 148.8 11.150970092250343 13.431096736044951
0 149.0 11.118177126460441 13.628389973117848
0 149.2 11.08538416067054 13.825683210190745
0 149.4 11.052591194880637 14.022976447263641
0 149.6 11.019798229090735 14.220269684336538
0 149.8 10.987005263300833 14.417562921409434
0 150.0 10.954212297510932 14.61485615848233
0 150.2 10.92141933172103 14.812149395555227
0 150.4 10.865666729053448 15.14757533799667
0 150.6 10.90400803036182 14.951284878182697
0 150.8 10.942349331670194 14.754994418368724
0 151.0 10.980690632978567 14.558703958554752
0 151.2 11.01903193428694 14.362413498740779
0 151.4 11.057373235595312 14.166123038926806
0 151.6 11.095714536903685 13.969832579112833
0 151.8 11.134055838212058 13.77354211929886
0 152.0 11.172397139520431 13.577251659484887
0 152.2 11.210738440828804 13.380961199670914
0 152.4 11.249079742137177 13.18467073985694
0 152.6 11.28742104344555 12.988380280042968
0 152.8 11.325762344753922 12.792089820228995
0 153.0 11.364103646062295 12.595799360415022
0 153.2 11.402444947370668 12.399508900601049
0 153.4 11.440786248679041 12.203218440787076
0 153.6 11.479127549987414 12.006927980973103
0 153.8 11.517468851295787 11.81063752115913
0 154.0 11.55581015260416 11.614347061345157
0 154.2 11.594151453912533 11.418056601531184
0 154.4 11.632492755220905 11.221766141717211
0 154.6 11.670834056529278 11.025475681903238
0 154.8 11.709175357837651 10.829185222089265
0 155.0 11.747516659146024 10.632894762275292
0 155.2 11.785857960454397 10.436604302461319
0 155.4 11.82419926176277 10.240313842647346
0 155.6 11.862540563071143 10.044023382833373
0 155.8 11.900881864379516 9.8477329230194
0 156.0 11.939223165687888 9.651442463205427
0 156.2 11.977564466996261 9.455152003391454
0 156.4 12.015905768304634 9.258861543577481
0 156.6 12.054247069613007 9.062571083763508
0 156.8 12.09258837092138 8.866280623949535
0 157.0 12.130929672229753 8.669990164135562
0 157.2 12.169270973538126 8.47369970432159
0 157.4 12.207612274846499 8.277409244507616
0 157.6 12.245953576154871 8.081118784693643
0 157.8 12.284294877463244 7.884828324879671
0 158.0 12.322636178771617 7.688537865065699
0 158.2 12.36097748007999 7.492247405251727
0 158.4 12.399318781388363 7.295956945437755
0 158.6 12.437660082696736 7.099666485623783
0 158.8 12.476001384005109 6.903376025809811
0 159.0 12.514342685313482 6.707085565995839
0 159.2 12.552683986621854 6.510795106181867
0 159.4 12.591025287930227 6.314504646367895
0 159.6 12.6293665892386 6.118214186553923
0 159.8 12.667707890546973 5.9219237267399505
