2 0 6.91892378526 13.7395882878
3 0 3.84594162348 3.90929623597
4 0 19.6324883001 2.03341445695
5 0 13.7100022573 5.82181019712
6 0 5.97574823204 10.841544127
7 0 1.39874185748 1.98168114239
8 0 16.31157534695 18.3733674153
9 0 9.48411387241 16.2054504008
10 0 3.89853538203 16.7645322219
11 0 2.08055381313 6.88569808568
12 0 0.556335713214 7.84859424962
13 0 17.1567002579 5.04746541232
14 0 17.1574914071 12.2635880277
15 0 8.25505110793 5.02276405748
16 0 4.22652554768 0.258016787308
17 0 18.054335677 0.858772218006
18 0 16.2320238741 0.303569236151
19 0 1.06421182664 13.0563734698
20 0 11.8062202608 2.04192887999
21 0 11.2751834165 19.1401478906
22 0 7.21148561731 11.4802931204
23 0 16.0810280995 1.99822246427
24 0 14.6412004257 11.1708722467
25 0 11.5966341182 13.63288939802
26 0 10.642303383 6.26290588702
1 0 10 10
0 0.0 11.493411263344413 5.563398343838137
0 0.2 11.243489289787224 5.569643912929856
0 0.4 10.993567316230035 5.575889482021576
0 0.6 10.743645342672846 5.582135051113295
0 0.8 10.493723369115656 5.588380620205014
0 1.0 10.243801395558467 5.594626189296734
0 1.2 9.993879422001278 5.600871758388453
0 1.4 9.743957448444089 5.607117327480172
0 1.6 9.4940354748869 5.613362896571892
0 1.8 9.24411350132971 5.619608465663611
0 2.0 8.994191527772522 5.6258540347553305
0 2.2 8.744269554215332 5.63209960384705
0 2.4 8.494347580658143 5.638345172938769
0 2.6 8.244425607100954 5.644590742030489
0 2.8 7.994503633543765 5.650836311122208
0 3.0 7.744581659986576 5.657081880213927
0 3.2 7.494659686429387 5.663327449305647
0 3.4 7.2447377128721975 5.669573018397366
0 3.6 6.994815739315008 5.675818587489085
0 3.8 6.744893765757819 5.682064156580805
0 4.0 6.49497179220063 5.688309725672524
0 4.2 6.087257621535979 5.698498533748557
0 4.4 5.868512444482153 5.819537979862997
0 4.6 5.649767267428327 5.9405774259774375
0 4.8 5.431022090374501 6.061616872091878
0 5.0 5.212276913320675 6.182656318206318
0 5.2 4.993531736266849 6.303695764320758
0 5.4 4.774786559213023 6.424735210435198
0 5.6 4.556041382159197 6.545774656549638
0 5.8 4.337296205105371 6.666814102664079
0 6.0 4.118551028051545 6.787853548778519
0 6.2 3.8998058509977196 6.908892994892959
0 6.4 3.681060673943894 7.029932441007399
0 6.6 3.4623154968900685 7.150971887121839
0 6.8 3.243570319836243 7.2720113332362795
0 7.0 3.0037380916084744 7.404718990868144
0 7.2 3.177180974873989 7.224670202356404
0 7.4 3.3506238581395036 7.044621413844665
0 7.6 3.524066741405018 6.864572625332925
0 7.8 3.697509624670533 6.684523836821185
0 8.0 3.8709525079360474 6.504475048309446
0 8.2 4.0443953912015616 6.324426259797706
0 8.4 4.217838274467076 6.144377471285966
0 8.6 4.391281157732591 5.964328682774227
0 8.8 4.564724040998105 5.784279894262487
0 9.0 4.73816692426362 5.604231105750747
0 9.2 4.911609807529135 5.424182317239008
0 9.4 5.085052690794649 5.244133528727268
0 9.6 5.258495574060164 5.064084740215528
0 9.8 5.431938457325678 4.884035951703789
0 10.0 5.605381340591193 4.703987163192049
0 10.2 5.778824223856708 4.523938374680309
0 10.4 5.952267107122222 4.34388958616857
0 10.6 6.125709990387737 4.16384079765683
0 10.8 6.299152873653251 3.9837920091450902
0 11.0 6.472595756918766 3.8037432206333506
0 11.2 6.646038640184281 3.623694432121611
0 11.4 6.819481523449795 3.4436456436098712
0 11.6 6.99292440671531 3.2635968550981316
0 11.8 7.166367289980824 3.083548066586392
0 12.0 7.339810173246339 2.9034992780746522
0 12.2 7.513253056511854 2.7234504895629126
0 12.4 7.686695939777368 2.543401701051173
0 12.6 7.860138823042883 2.3633529125394332
0 12.8 8.033581706308397 2.1833041240276936
0 13.0 8.20702458957391 2.003255335515954
0 13.2 8.523149279974609 1.675090429273236
0 13.4 8.373083604238385 1.8750411556180795
0 13.6 8.223017928502161 2.074991881962923
0 13.8 8.072952252765937 2.2749426083077666
0 14.0 7.922886577029713 2.4748933346526103
0 14.2 7.772820901293489 2.674844060997454
0 14.4 7.622755225557265 2.8747947873422977
0 14.6 7.472689549821041 3.0747455136871413
0 14.8 7.322623874084817 3.274696240031985
0 15.0 7.172558198348593 3.4746469663768287
0 15.2 7.022492522612369 3.6745976927216724
0 15.4 6.872426846876145 3.874548419066516
0 15.6 6.722361171139921 4.07449914541136
0 15.8 6.572295495403697 4.274449871756203
0 16.0 6.422229819667473 4.474400598101046
0 16.2 6.272164143931249 4.674351324445889
0 16.4 6.122098468195025 4.874302050790733
0 16.6 5.972032792458801 5.074252777135576
0 16.8 5.821967116722577 5.274203503480419
0 17.0 5.671901440986353 5.474154229825262
0 17.2 5.521835765250129 5.674104956170106
0 17.4 5.371770089513905 5.874055682514949
0 17.6 5.221704413777681 6.074006408859792
0 17.8 5.071638738041457 6.273957135204635
0 18.0 4.921573062305233 6.4739078615494785
0 18.2 4.771507386569009 6.673858587894322
0 18.4 4.621441710832785 6.873809314239165
0 18.6 4.4713760350965615 7.073760040584008
0 18.8 4.3213103593603375 7.273710766928851
0 19.0 4.1712446836241135 7.473661493273695
0 19.2 4.0211790078878895 7.673612219618538
0 19.4 3.8711133321516655 7.873562945963381
0 19.6 3.7210476564154416 8.073513672308225
0 19.8 3.5709819806792176 8.273464398653068
0 20.0 3.4209163049429936 8.473415124997912
0 20.2 3.2708506292067696 8.673365851342755
0 20.4 3.1207849534705456 8.873316577687598
0 20.6 2.9707192777343217 9.073267304032441
0 20.8 2.8206536019980977 9.273218030377285
0 21.0 2.6705879262618737 9.473168756722128
0 21.2 2.5205222505256497 9.673119483066971
0 21.4 2.3704565747894257 9.873070209411814
0 21.6 2.1019775053173584 10.23079748239387
0 21.8 2.346769949504542 10.281558286848336
0 22.0 2.591562393691726 10.332319091302802
0 22.2 2.83635483787891 10.383079895757268
0 22.4 3.0811472820660937 10.433840700211734
0 22.6 3.3259397262532775 10.4846015046662
0 22.8 3.5707321704404613 10.535362309120666
0 23.0 3.815524614627645 10.586123113575132
0 23.2 4.060317058814829 10.636883918029598
0 23.4 4.305109503002012 10.687644722484064
0 23.6 4.549901947189196 10.73840552693853
0 23.8 4.794694391376379 10.789166331392996
0 24.0 5.0394868355635625 10.839927135847462
0 24.2 5.284279279750746 10.890687940301929
0 24.4 5.529071723937929 10.941448744756395
0 24.6 5.773864168125113 10.99220954921086
0 24.8 6.018656612312296 11.042970353665327
0 25.0 6.263449056499479 11.093731158119793
0 25.2 6.508241500686663 11.144491962574259
0 25.4 6.753033944873846 11.195252767028725
0 25.6 6.9978263890610295 11.246013571483191
0 25.8 7.242618833248213 11.296774375937657
0 26.0 7.487411277435396 11.347535180392123
0 26.2 7.73220372162258 11.39829598484659
0 26.4 7.976996165809763 11.449056789301055
0 26.6 8.221788609996947 11.499817593755521
0 26.8 8.46658105418413 11.550578398209987
0 27.0 8.711373498371314 11.601339202664454
0 27.2 8.956165942558497 11.65210000711892
0 27.4 9.20095838674568 11.702860811573386
0 27.6 9.445750830932864 11.753621616027852
0 27.8 9.690543275120048 11.804382420482318
0 28.0 9.935335719307231 11.855143224936784
0 28.2 10.180128163494414 11.90590402939125
0 28.4 10.424920607681598 11.956664833845716
0 28.6 10.669713051868781 12.007425638300182
0 28.8 10.914505496055964 12.058186442754648
0 29.0 11.159297940243148 12.108947247209114
0 29.2 11.404090384430331 12.15970805166358
0 29.4 11.648882828617515 12.210468856118046
0 29.6 11.893675272804698 12.261229660572512
0 29.8 12.138467716991881 12.311990465026978
0 30.0 12.383260161179065 12.362751269481445
0 30.2 12.628052605366248 12.41351207393591
0 30.4 12.872845049553431 12.464272878390377
0 30.6 13.117637493740615 12.515033682844843
0 30.8 13.362429937927798 12.565794487299309
0 31.0 13.607222382114982 12.616555291753775
0 31.2 13.852014826302165 12.667316096208241
0 31.4 14.096807270489348 12.718076900662707
0 31.6 14.341599714676532 12.768837705117173
0 31.8 14.586392158863715 12.81959850957164
0 32.0 14.831184603050898 12.870359314026105
0 32.2 15.075977047238082 12.921120118480571
0 32.4 15.320769491425265 12.971880922935037
0 32.6 15.565561935612449 13.022641727389503
0 32.8 15.810354379799632 13.07340253184397
0 33.0 16.055146823986817 13.124163336298436
0 33.2 16.299939268174 13.174924140752902
0 33.4 16.673826754544155 13.252454432370486
0 33.6 16.425828273540432 13.220883030440168
0 33.8 16.17782979253671 13.18931162850985
0 34.0 15.929831311532986 13.157740226579532
0 34.2 15.681832830529263 13.126168824649215
0 34.4 15.43383434952554 13.094597422718897
0 34.6 15.185835868521817 13.063026020788579
0 34.8 14.937837387518094 13.03145461885826
0 35.0 14.689838906514371 12.999883216927943
0 35.2 14.441840425510648 12.968311814997625
0 35.4 14.193841944506925 12.936740413067307
0 35.6 13.945843463503202 12.905169011136989
0 35.8 13.697844982499479 12.873597609206671
0 36.0 13.449846501495756 12.842026207276353
0 36.2 13.201848020492033 12.810454805346035
0 36.4 12.95384953948831 12.778883403415717
0 36.6 12.705851058484587 12.7473120014854
0 36.8 12.457852577480864 12.715740599555081
0 37.0 12.209854096477141 12.684169197624763
0 37.2 11.961855615473418 12.652597795694446
0 37.4 11.713857134469695 12.621026393764128
0 37.6 11.465858653465972 12.58945499183381
0 37.8 11.217860172462249 12.557883589903492
0 38.0 10.969861691458526 12.526312187973174
0 38.2 10.721863210454803 12.494740786042856
0 38.4 10.47386472945108 12.463169384112538
0 38.6 10.225866248447357 12.43159798218222
0 38.8 9.977867767443634 12.400026580251902
0 39.0 9.72986928643991 12.368455178321584
0 39.2 9.481870805436188 12.336883776391266
0 39.4 9.233872324432465 12.305312374460948
0 39.6 8.985873843428742 12.27374097253063
0 39.8 8.737875362425019 12.242169570600312
0 40.0 8.489876881421296 12.210598168669994
0 40.2 8.241878400417573 12.179026766739677
0 40.4 7.993879919413849 12.147455364809359
0 40.6 7.745881438410125 12.11588396287904
0 40.8 7.497882957406401 12.084312560948723
0 41.0 7.249884476402677 12.052741159018405
0 41.2 7.001885995398953 12.021169757088087
0 41.4 6.753887514395229 11.989598355157769
0 41.6 6.505889033391505 11.958026953227451
0 41.8 6.2578905523877815 11.926455551297133
0 42.0 6.009892071384058 11.894884149366815
0 42.2 5.761893590380334 11.863312747436497
0 42.4 5.51389510937661 11.83174134550618
0 42.6 5.265896628372886 11.800169943575861
0 42.8 5.017898147369162 11.768598541645543
0 43.0 4.769899666365438 11.737027139715225
0 43.2 4.521901185361714 11.705455737784908
0 43.4 4.27390270435799 11.67388433585459
0 43.6 4.025904223354266 11.642312933924272
0 43.8 3.777905742350543 11.610741531993954
0 44.0 3.5299072613468194 11.579170130063636
0 44.2 3.2354569241462516 11.541685182951607
0 44.4 3.4768957564154634 11.4768215546806
0 44.6 3.7183345886846753 11.411957926409592
0 44.8 3.959773420953887 11.347094298138584
0 45.0 4.201212253223098 11.282230669867577
0 45.2 4.44265108549231 11.21736704159657
0 45.4 4.684089917761521 11.152503413325562
0 45.6 4.9255287500307325 11.087639785054554
0 45.8 5.166967582299944 11.022776156783546
0 46.0 5.408406414569155 10.957912528512539
0 46.2 5.649845246838367 10.893048900241531
0 46.4 5.891284079107578 10.828185271970524
0 46.6 6.132722911376789 10.763321643699516
0 46.8 6.374161743646001 10.698458015428509
0 47.0 6.615600575915212 10.633594387157501
0 47.2 6.8570394081844235 10.568730758886494
0 47.4 7.098478240453635 10.503867130615486
0 47.6 7.339917072722846 10.439003502344478
0 47.8 7.581355904992058 10.374139874073471
0 48.0 7.822794737261269 10.309276245802463
0 48.2 8.064233569530481 10.244412617531456
0 48.4 8.305672401799693 10.179548989260448
0 48.6 8.547111234068906 10.11468536098944
0 48.8 8.788550066338118 10.049821732718433
0 49.0 9.02998889860733 9.984958104447426
0 49.2 9.271427730876542 9.920094476176418
0 49.4 9.512866563145755 9.85523084790541
0 49.6 9.754305395414967 9.790367219634403
0 49.8 9.99574422768418 9.725503591363395
0 50.0 10.237183059953392 9.660639963092388
0 50.2 10.478621892222604 9.59577633482138
0 50.4 10.720060724491816 9.530912706550373
0 50.6 10.961499556761028 9.466049078279365
0 50.8 11.20293838903024 9.401185450008358
0 51.0 11.444377221299453 9.33632182173735
0 51.2 11.685816053568665 9.271458193466342
0 51.4 11.927254885837877 9.206594565195335
0 51.6 12.16869371810709 9.141730936924327
0 51.8 12.410132550376302 9.07686730865332
0 52.0 12.651571382645514 9.012003680382312
0 52.2 12.893010214914726 8.947140052111305
0 52.4 13.134449047183939 8.882276423840297
0 52.6 13.37588787945315 8.81741279556929
0 52.8 13.617326711722363 8.752549167298282
0 53.0 13.858765543991575 8.687685539027274
0 53.2 14.100204376260788 8.622821910756267
0 53.4 14.34164320853 8.55795828248526
0 53.6 14.583082040799212 8.493094654214252
0 53.8 14.824520873068424 8.428231025943244
0 54.0 15.065959705337637 8.363367397672237
0 54.2 15.307398537606849 8.29850376940123
0 54.4 15.548837369876061 8.233640141130222
0 54.6 15.790276202145273 8.168776512859214
0 54.8 16.031715034414486 8.103912884588206
0 55.0 16.273153866683696 8.039049256317199
0 55.2 16.514592698952907 7.974185628046191
0 55.4 16.756031531222117 7.909321999775184
0 55.6 16.997470363491328 7.844458371504176
0 55.8 17.347463216796744 7.750431217210297
0 56.0 17.125347996776398 7.635693128350001
0 56.2 16.903232776756052 7.520955039489705
0 56.4 16.681117556735707 7.406216950629409
0 56.6 16.45900233671536 7.291478861769113
0 56.8 16.236887116695016 7.176740772908817
0 57.0 16.01477189667467 7.062002684048521
0 57.2 15.792656676654325 6.947264595188225
0 57.4 15.570541456633979 6.832526506327929
0 57.6 15.348426236613633 6.7177884174676326
0 57.8 15.126311016593288 6.6030503286073365
0 58.0 14.904195796572942 6.4883122397470405
0 58.2 14.682080576552597 6.3735741508867445
0 58.4 14.459965356532251 6.2588360620264485
0 58.6 14.237850136511906 6.1440979731661525
0 58.8 14.01573491649156 6.0293598843058565
0 59.0 13.793619696471215 5.91462179544556
0 59.2 13.571504476450869 5.799883706585264
0 59.4 13.349389256430523 5.685145617724968
0 59.6 13.127274036410178 5.570407528864672
0 59.8 12.905158816389832 5.455669440004376
0 60.0 12.683043596369487 5.34093135114408
0 60.2 12.460928376349141 5.226193262283784
0 60.4 12.238813156328796 5.111455173423488
0 60.6 12.01669793630845 4.996717084563192
0 60.8 11.587376802120797 4.7749426089576446
0 61.0 11.56319312780484 5.023770159475227
0 61.2 11.539009453488884 5.272597709992809
0 61.4 11.514825779172927 5.521425260510391
0 61.6 11.49064210485697 5.770252811027973
0 61.8 11.466458430541014 6.019080361545555
0 62.0 11.442274756225057 6.267907912063137
0 62.2 11.4180910819091 6.516735462580719
0 62.4 11.393907407593144 6.765563013098301
0 62.6 11.369723733277187 7.014390563615883
0 62.8 11.34554005896123 7.2632181141334655
0 63.0 11.321356384645274 7.512045664651048
0 63.2 11.297172710329317 7.76087321516863
0 63.4 11.27298903601336 8.009700765686212
0 63.6 11.248805361697404 8.258528316203794
0 63.8 11.224621687381447 8.507355866721376
0 64.0 11.20043801306549 8.756183417238958
0 64.2 11.176254338749533 9.00501096775654
0 64.4 11.152070664433577 9.253838518274122
0 64.6 11.12788699011762 9.502666068791704
0 64.8 11.103703315801663 9.751493619309286
0 65.0 11.079519641485707 10.000321169826869
0 65.2 11.05533596716975 10.24914872034445
0 65.4 11.031152292853793 10.497976270862033
0 65.6 11.006968618537837 10.746803821379615
0 65.8 10.98278494422188 10.995631371897197
0 66.0 10.958601269905923 11.244458922414779
0 66.2 10.934417595589967 11.493286472932361
0 66.4 10.91023392127401 11.742114023449943
0 66.6 10.886050246958053 11.990941573967525
0 66.8 10.861866572642096 12.239769124485107
0 67.0 10.83768289832614 12.48859667500269
0 67.2 10.813499224010183 12.737424225520272
0 67.4 10.789315549694226 12.986251776037854
0 67.6 10.76513187537827 13.235079326555436
0 67.8 10.740948201062313 13.483906877073018
0 68.0 10.716764526746356 13.7327344275906
0 68.2 10.6925808524304 13.981561978108182
0 68.4 10.668397178114443 14.230389528625764
0 68.6 10.644213503798486 14.479217079143346
0 68.8 10.62002982948253 14.728044629660928
0 69.0 10.595846155166573 14.97687218017851
0 69.2 10.571662480850616 15.225699730696093
0 69.4 10.54747880653466 15.474527281213675
0 69.6 10.523295132218703 15.723354831731257
0 69.8 10.499111457902746 15.972182382248839
0 70.0 10.47492778358679 16.22100993276642
0 70.2 10.450744109270833 16.469837483284003
0 70.4 10.426560434954876 16.718665033801585
0 70.6 10.40237676063892 16.967492584319167
0 70.8 10.378193086322963 17.21632013483675
0 71.0 10.354009412007006 17.46514768535433
0 71.2 10.309373970556429 17.924404927133125
0 71.4 10.54213439374416 17.833176722078612
0 71.6 10.77489481693189 17.7419485170241
0 71.8 11.007655240119622 17.650720311969586
0 72.0 11.240415663307353 17.559492106915073
0 72.2 11.473176086495084 17.46826390186056
0 72.4 11.705936509682815 17.377035696806047
0 72.6 11.938696932870545 17.285807491751534
0 72.8 12.171457356058276 17.19457928669702
0 73.0 12.404217779246007 17.103351081642508
0 73.2 12.636978202433738 17.012122876587995
0 73.4 12.86973862562147 16.920894671533482
0 73.6 13.1024990488092 16.82966646647897
0 73.8 13.335259471996931 16.738438261424456
0 74.0 13.568019895184662 16.647210056369943
0 74.2 13.800780318372393 16.55598185131543
0 74.4 14.033540741560124 16.464753646260917
0 74.6 14.266301164747855 16.373525441206404
0 74.8 14.499061587935586 16.28229723615189
0 75.0 14.731822011123317 16.191069031097378
0 75.2 14.964582434311048 16.099840826042865
0 75.4 15.197342857498779 16.00861262098835
0 75.6 15.43010328068651 15.917384415933839
0 75.8 15.66286370387424 15.826156210879326
0 76.0 15.895624127061971 15.734928005824813
0 76.2 16.128384550249702 15.6436998007703
0 76.4 16.361144973437433 15.552471595715787
0 76.6 16.593905396625164 15.461243390661274
0 76.8 16.826665819812895 15.37001518560676
0 77.0 17.059426243000626 15.278786980552248
0 77.2 17.417129912172523 15.138588474152161
0 77.4 17.211285776138837 14.996714615881706
0 77.6 17.00544164010515 14.85484075761125
0 77.8 16.799597504071464 14.712966899340794
0 78.0 16.593753368037778 14.571093041070338
0 78.2 16.38790923200409 14.429219182799882
0 78.4 16.182065095970405 14.287345324529426
0 78.6 15.976220959936718 14.14547146625897
0 78.8 15.770376823903032 14.003597607988514
0 79.0 15.564532687869345 13.861723749718058
0 79.2 15.358688551835659 13.719849891447602
0 79.4 15.152844415801972 13.577976033177146
0 79.6 14.947000279768286 13.43610217490669
0 79.8 14.7411561437346 13.294228316636234
0 80.0 14.535312007700913 13.152354458365778
0 80.2 14.329467871667227 13.010480600095322
0 80.4 14.12362373563354 12.868606741824866
0 80.6 13.917779599599854 12.72673288355441
0 80.8 13.711935463566167 12.584859025283954
0 81.0 13.50609132753248 12.442985167013498
0 81.2 13.300247191498794 12.301111308743042
0 81.4 13.094403055465108 12.159237450472586
0 81.6 12.888558919431421 12.01736359220213
0 81.8 12.682714783397735 11.875489733931675
0 82.0 12.476870647364048 11.733615875661219
0 82.2 12.271026511330362 11.591742017390763
0 82.4 12.065182375296676 11.449868159120307
0 82.6 11.85933823926299 11.30799430084985
0 82.8 11.653494103229303 11.166120442579395
0 83.0 11.447649967195616 11.024246584308939
0 83.2 11.24180583116193 10.882372726038483
0 83.4 11.035961695128243 10.740498867768027
0 83.6 10.830117559094557 10.598625009497571
0 83.8 10.62427342306087 10.456751151227115
0 84.0 10.418429287027184 10.314877292956659
0 84.2 10.212585150993498 10.173003434686203
0 84.4 10.006741014959811 10.031129576415747
0 84.6 9.800896878926125 9.889255718145291
0 84.8 9.595052742892438 9.747381859874835
0 85.0 9.389208606858752 9.60550800160438
0 85.2 9.183364470825065 9.463634143333923
0 85.4 8.977520334791379 9.321760285063467
0 85.6 8.771676198757692 9.179886426793011
0 85.8 8.565832062724006 9.038012568522555
0 86.0 8.35998792669032 8.8961387102521
0 86.2 8.154143790656633 8.754264851981644
0 86.4 7.9482996546229465 8.612390993711188
0 86.6 7.74245551858926 8.470517135440732
0 86.8 7.536611382555574 8.328643277170276
0 87.0 7.330767246521887 8.18676941889982
0 87.2 7.124923110488201 8.044895560629364
0 87.4 6.919078974454514 7.903021702358909
0 87.6 6.713234838420828 7.761147844088454
0 87.8 6.507390702387141 7.6192739858179985
0 88.0 6.301546566353455 7.4774001275475435
0 88.2 6.095702430319768 7.335526269277088
0 88.4 5.889858294286082 7.193652411006633
0 88.6 5.6840141582523955 7.051778552736178
0 88.8 5.478170022218709 6.909904694465723
0 89.0 5.272325886185023 6.768030836195268
0 89.2 5.066481750151336 6.626156977924813
0 89.4 4.86063761411765 6.484283119654358
0 89.6 4.654793478083963 6.342409261383903
0 89.8 4.448949342050277 6.200535403113448
0 90.0 4.24310520601659 6.058661544842993
0 90.2 4.037261069982904 5.916787686572538
0 90.4 3.8314169339492175 5.774913828302083
0 90.6 3.625572797915531 5.633039970031628
0 90.8 3.412254848468075 5.486014938813366
0 91.0 3.1624309326303277 5.495396360640268
0 91.2 2.9126070167925806 5.504777782467171
0 91.4 2.6627831009548335 5.5141592042940735
0 91.6 2.4129591851170864 5.523540626120976
0 91.8 2.1631352692793393 5.532922047947879
0 92.0 1.9133113534415922 5.542303469774781
0 92.2 1.663487437603845 5.551684891601684
0 92.4 1.2075344317646164 5.568806901184622
0 92.6 1.1652409990725576 5.322410339619486
0 92.8 1.1229475663804989 5.0760137780543495
0 93.0 1.08065413368844 4.829617216489213
0 93.2 1.0383607009963813 4.583220654924077
0 93.4 0.9960672683043227 4.33682409335894
0 93.6 0.953773835612264 4.090427531793804
0 93.8 0.9114804029202054 3.844030970228667
0 94.0 0.8691869702281467 3.59763440866353
0 94.2 0.8268935375360881 3.351237847098393
0 94.4 0.7846001048440294 3.104841285533256
0 94.6 0.7423066721519708 2.858444723968119
0 94.8 0.7000132394599121 2.6120481624029823
0 95.0 0.6577198067678535 2.3656516008378454
0 95.2 0.6154263740757948 2.1192550392727085
0 95.4 0.5731329413837362 1.8728584777075716
0 95.6 0.5308395086916775 1.6264619161424347
0 95.8 0.4885460759996188 1.3800653545772978
0 96.0 0.4462526433075601 1.133668793012161
0 96.2 0.4039592106155014 0.887272231447024
0 96.4 0.3616657779234427 0.6408756698818872
0 96.6 0.3012983133757752 0.2891819257667727
0 96.8 0.45070243000021515 0.4896274543666163
0 97.0 0.6001065466246551 0.6900729829664599
0 97.2 0.7495106632490951 0.8905185115663035
0 97.4 0.8989147798735351 1.0909640401661471
0 97.6 1.048318896497975 1.2914095687659908
0 97.8 1.197723013122415 1.4918550973658344
0 98.0 1.347127129746855 1.692300625965678
0 98.2 1.496531246371295 1.8927461545655218
0 98.4 1.645935362995735 2.093191683165365
0 98.6 1.795339479620175 2.293637211765209
0 98.8 1.944743596244615 2.4940827403650525
0 99.0 2.094147712869055 2.694528268964896
0 99.2 2.243551829493495 2.89497379756474
0 99.4 2.392955946117935 3.0954193261645835
0 99.6 2.542360062742375 3.295864854764427
0 99.8 2.691764179366815 3.496310383364271
0 100.0 2.8411682959912548 3.6967559119641145
0 100.2 2.9905724126156947 3.897201440563958
0 100.4 3.1399765292401347 4.097646969163802
0 100.6 3.2893806458645747 4.298092497763645
0 100.8 3.4387847624890147 4.498538026363488
0 101.0 3.5881888791134546 4.698983554963331
0 101.2 3.7375929957378946 4.899429083563175
0 101.4 3.8869971123623346 5.099874612163018
0 101.6 4.036401228986775 5.300320140762861
0 101.8 4.185805345611215 5.500765669362704
0 102.0 4.335209462235656 5.7012111979625475
0 102.2 4.484613578860096 5.901656726562391
0 102.4 4.634017695484537 6.102102255162234
0 102.6 4.783421812108977 6.302547783762077
0 102.8 4.9328259287334175 6.50299331236192
0 103.0 5.082230045357858 6.703438840961764
0 103.2 5.231634161982298 6.903884369561607
0 103.4 5.381038278606739 7.10432989816145
0 103.6 5.530442395231179 7.304775426761293
0 103.8 5.67984651185562 7.505220955361136
0 104.0 5.82925062848006 7.70566648396098
0 104.2 5.9786547451045005 7.906112012560823
0 104.4 6.128058861728941 8.106557541160667
0 104.6 6.277462978353381 8.30700306976051
0 104.8 6.426867094977822 8.507448598360353
0 105.0 6.576271211602262 8.707894126960197
0 105.2 6.7256753282267026 8.90833965556004
0 105.4 6.875079444851143 9.108785184159883
0 105.6 7.024483561475583 9.309230712759726
0 105.8 7.173887678100024 9.50967624135957
0 106.0 7.323291794724464 9.710121769959413
0 106.2 7.472695911348905 9.910567298559256
0 106.4 7.622100027973345 10.111012827159099
0 106.6 7.7715041445977855 10.311458355758942
0 106.8 7.920908261222226 10.511903884358786
0 107.0 8.070312377846665 10.712349412958629
0 107.2 8.219716494471106 10.912794941558472
0 107.4 8.369120611095546 11.113240470158315
0 107.6 8.518524727719987 11.313685998758158
0 107.8 8.667928844344427 11.514131527358002
0 108.0 8.817332960968868 11.714577055957845
0 108.2 8.966737077593308 11.915022584557688
0 108.4 9.116141194217748 12.115468113157531
0 108.6 9.265545310842189 12.315913641757374
0 108.8 9.41494942746663 12.516359170357218
0 109.0 9.56435354409107 12.716804698957061
0 109.2 9.71375766071551 12.917250227556904
0 109.4 9.86316177733995 13.117695756156747
0 109.6 10.012565893964391 13.31814128475659
0 109.8 10.161970010588831 13.518586813356434
0 110.0 10.311374127213272 13.719032341956277
0 110.2 10.460778243837712 13.91947787055612
0 110.4 10.623347040340379 14.137585571234382
0 110.6 10.814506677977993 14.298700415175764
0 110.8 11.005666315615608 14.459815259117146
0 111.0 11.196825953253223 14.620930103058528
0 111.2 11.387985590890837 14.78204494699991
0 111.4 11.579145228528452 14.943159790941293
0 111.6 11.770304866166066 15.104274634882675
0 111.8 11.96146450380368 15.265389478824057
0 112.0 12.152624141441295 15.426504322765439
0 112.2 12.34378377907891 15.587619166706821
0 112.4 12.534943416716525 15.748734010648203
0 112.6 12.72610305435414 15.909848854589585
0 112.8 12.917262691991754 16.070963698530967
0 113.0 13.108422329629368 16.23207854247235
0 113.2 13.299581967266983 16.393193386413735
0 113.4 13.490741604904597 16.55430823035512
0 113.6 13.681901242542212 16.715423074296503
0 113.8 13.873060880179827 16.876537918237887
0 114.0 14.064220517817441 17.03765276217927
0 114.2 14.255380155455056 17.198767606120654
0 114.4 14.44653979309267 17.359882450062038
0 114.6 14.637699430730285 17.520997294003422
0 114.8 14.8288590683679 17.682112137944806
0 115.0 15.020018706005514 17.84322698188619
0 115.2 15.211178343643128 18.004341825827574
0 115.4 15.402337981280743 18.165456669768957
0 115.6 15.593497618918358 18.32657151371034
0 115.8 15.784657256555972 18.487686357651725
0 116.0 15.975816894193587 18.64880120159311
0 116.2 16.1669765318312 18.809916045534493
0 116.4 16.358136169468814 18.971030889475877
0 116.6 16.54929580710643 19.13214573341726
0 116.8 16.740455444744043 19.293260577358645
0 117.0 16.931615082381658 19.45437542130003
0 117.2 17.171026718621796 19.65615843829706
0 117.4 17.14171813336128 19.407882368507746
0 117.6 17.112409548100764 19.159606298718433
0 117.8 17.08310096284025 18.91133022892912
0 118.0 17.053792377579732 18.663054159139808
0 118.2 17.024483792319216 18.414778089350495
0 118.4 16.9951752070587 18.166502019561182
0 118.6 16.965866621798185 17.91822594977187
0 118.8 16.93655803653767 17.669949879982557
0 119.0 16.907249451277153 17.421673810193244
0 119.2 16.877940866016637 17.17339774040393
0 119.4 16.84863228075612 16.92512167061462
0 119.6 16.819323695495605 16.676845600825306
0 119.8 16.79001511023509 16.428569531035993
0 120.0 16.760706524974573 16.18029346124668
0 120.2 16.731397939714057 15.93201739145737
0 120.4 16.70208935445354 15.683741321668059
0 120.6 16.672780769193025 15.435465251878748
0 120.8 16.64347218393251 15.187189182089437
0 121.0 16.614163598671993 14.938913112300126
0 121.2 16.584855013411477 14.690637042510815
0 121.4 16.55554642815096 14.442360972721504
0 121.6 16.526237842890446 14.194084902932193
0 121.8 16.49692925762993 13.945808833142882
0 122.0 16.467620672369414 13.697532763353571
0 122.2 16.438312087108898 13.44925669356426
0 122.4 16.40900350184838 13.20098062377495
0 122.6 16.379694916587866 12.952704553985638
0 122.8 16.35038633132735 12.704428484196328
0 123.0 16.321077746066834 12.456152414407017
0 123.2 16.291769160806318 12.207876344617706
0 123.4 16.262460575545802 11.959600274828395
0 123.6 16.233151990285286 11.711324205039084
0 123.8 16.20384340502477 11.463048135249773
0 124.0 16.174534819764254 11.214772065460462
0 124.2 16.14522623450374 10.966495995671151
0 124.4 16.115917649243222 10.71821992588184
0 124.6 16.086609063982706 10.469943856092529
0 124.8 16.05730047872219 10.221667786303218
0 125.0 16.027991893461675 9.973391716513907
0 125.2 15.998683308201159 9.725115646724596
0 125.4 15.969374722940643 9.476839576935285
0 125.6 15.940066137680127 9.228563507145974
0 125.8 15.91075755241961 8.980287437356663
0 126.0 15.881448967159095 8.732011367567353
0 126.2 15.852140381898579 8.483735297778042
0 126.4 15.822831796638063 8.23545922798873
0 126.6 15.793523211377547 7.987183158199419
0 126.8 15.764214626117031 7.738907088410107
0 127.0 15.734906040856515 7.490631018620795
0 127.2 15.705597455596 7.242354948831483
0 127.4 15.676288870335483 6.9940788790421715
0 127.6 15.646980285074967 6.74580280925286
0 127.8 15.617671699814451 6.497526739463548
0 128.0 15.588363114553935 6.249250669674236
0 128.2 15.55905452929342 6.000974599884924
0 128.4 15.529745944032904 5.752698530095612
0 128.6 15.500437358772388 5.504422460306301
0 128.8 15.471128773511872 5.256146390516989
0 129.0 15.441820188251356 5.007870320727677
0 129.2 15.41251160299084 4.759594250938365
0 129.4 15.383203017730324 4.511318181149053
0 129.6 15.353894432469808 4.263042111359741
0 129.8 15.324585847209292 4.01476604157043
0 130.0 15.295277261948776 3.766489971781118
0 130.2 15.26596867668826 3.518213901991807
0 130.4 15.236660091427744 3.2699378322024955
0 130.6 15.207351506167228 3.021661762413184
0 130.8 15.178042920906712 2.7733856926238727
0 131.0 15.148734335646196 2.5251096228345613
0 131.2 15.11942575038568 2.27683355304525
0 131.4 15.090117165125164 2.0285574832559385
0 131.6 15.060808579864648 1.780281413466627
0 131.8 15.003027535760038 1.29081218760279
0 132.0 14.87604537488415 1.5061619747382542
0 132.2 14.74906321400826 1.7215117618737183
0 132.4 14.62208105313237 1.9368615490091825
0 132.6 14.495098892256479 2.1522113361446467
0 132.8 14.368116731380589 2.367561123280111
0 133.0 14.241134570504698 2.582910910415575
0 133.2 14.114152409628808 2.798260697551039
0 133.4 13.987170248752918 3.0136104846865033
0 133.6 13.860188087877027 3.2289602718219674
0 133.8 13.733205927001137 3.4443100589574316
0 134.0 13.606223766125247 3.6596598460928957
0 134.2 13.479241605249356 3.87500963322836
0 134.4 13.352259444373466 4.090359420363824
0 134.6 13.225277283497576 4.305709207499288
0 134.8 13.098295122621685 4.521058994634752
0 135.0 12.971312961745795 4.7364087817702165
0 135.2 12.844330800869905 4.951758568905681
0 135.4 12.717348639994015 5.167108356041145
0 135.6 12.590366479118124 5.382458143176609
0 135.8 12.463384318242234 5.597807930312073
0 136.0 12.336402157366344 5.813157717447537
0 136.2 12.209419996490453 6.028507504583001
0 136.4 12.082437835614563 6.243857291718466
0 136.6 11.955455674738673 6.45920707885393
0 136.8 11.828473513862782 6.674556865989394
0 137.0 11.701491352986892 6.889906653124858
0 137.2 11.574509192111002 7.105256440260322
0 137.4 11.447527031235111 7.320606227395786
0 137.6 11.320544870359221 7.5359560145312505
0 137.8 11.19356270948333 7.751305801666715
0 138.0 11.06658054860744 7.966655588802179
0 138.2 10.93959838773155 8.182005375937644
0 138.4 10.81261622685566 8.397355163073108
0 138.6 10.68563406597977 8.612704950208572
0 138.8 10.55865190510388 8.828054737344036
0 139.0 10.431669744227989 9.0434045244795
0 139.2 10.304687583352099 9.258754311614965
0 139.4 10.177705422476208 9.474104098750429
0 139.6 10.050723261600318 9.689453885885893
0 139.8 9.923741100724428 9.904803673021357
0 140.0 9.796758939848537 10.120153460156821
0 140.2 9.669776778972647 10.335503247292285
0 140.4 9.542794618096757 10.55085303442775
0 140.6 9.415812457220866 10.766202821563214
0 140.8 9.288830296344976 10.981552608698678
0 141.0 9.161848135469086 11.196902395834142
0 141.2 9.034865974593195 11.412252182969606
0 141.4 8.907883813717305 11.62760197010507
0 141.6 8.780901652841415 11.842951757240535
0 141.8 8.653919491965524 12.058301544375999
0 142.0 8.526937331089634 12.273651331511463
0 142.2 8.399955170213744 12.489001118646927
0 142.4 8.272973009337854 12.704350905782391
0 142.6 8.145990848461963 12.919700692917855
0 142.8 8.019008687586073 13.13505048005332
0 143.0 7.8920265267101835 13.350400267188784
0 143.2 7.765044365834294 13.565750054324248
0 143.4 7.638062204958405 13.781099841459712
0 143.6 7.511080044082515 13.996449628595176
0 143.8 7.384097883206626 14.21179941573064
0 144.0 7.205125729624184 14.51531933468079
0 144.2 7.444844180509577 14.586277521700381
0 144.4 7.68456263139497 14.657235708719973
0 144.6 7.924281082280363 14.728193895739565
0 144.8 8.163999533165756 14.799152082759157
0 145.0 8.403717984051148 14.870110269778749
0 145.2 8.643436434936541 14.941068456798341
0 145.4 8.883154885821934 15.012026643817933
0 145.6 9.122873336707327 15.082984830837525
0 145.8 9.36259178759272 15.153943017857117
0 146.0 9.602310238478113 15.224901204876709
0 146.2 9.842028689363506 15.2958593918963
0 146.4 10.081747140248899 15.366817578915892
0 146.6 10.321465591134292 15.437775765935484
0 146.8 10.561184042019685 15.508733952955076
0 147.0 10.800902492905077 15.579692139974668
0 147.2 11.04062094379047 15.65065032699426
0 147.4 11.280339394675863 15.721608514013852
0 147.6 11.520057845561256 15.792566701033444
0 147.8 11.759776296446649 15.863524888053036
0 148.0 11.999494747332042 15.934483075072627
0 148.2 12.239213198217435 16.00544126209222
0 148.4 12.478931649102828 16.07639944911181
0 148.6 12.71865009998822 16.147357636131403
0 148.8 12.958368550873614 16.218315823150995
0 149.0 13.198087001759006 16.289274010170587
0 149.2 13.4378054526444 16.36023219719018
0 149.4 13.677523903529792 16.43119038420977
0 149.6 13.917242354415185 16.502148571229363
0 149.8 14.156960805300578 16.573106758248954
0 150.0 14.39667925618597 16.644064945268546
0 150.2 14.636397707071364 16.715023132288138
0 150.4 14.876116157956757 16.78598131930773
0 150.6 15.11583460884215 16.856939506327322
0 150.8 15.355553059727542 16.927897693346914
0 151.0 15.595271510612935 16.998855880366506
0 151.2 15.834989961498328 17.069814067386098
0 151.4 16.07470841238372 17.14077225440569
0 151.6 16.314426863269112 17.21173044142528
0 151.8 16.554145314154503 17.282688628444873
0 152.0 16.793863765039895 17.353646815464465
0 152.2 17.131725335393522 17.453655990425116
0 152.4 16.882618751211734 17.43253941595668
0 152.6 16.633512167029945 17.411422841488243
0 152.8 16.384405582848157 17.390306267019806
0 153.0 16.135298998666368 17.36918969255137
0 153.2 15.88619241448458 17.348073118082933
0 153.4 15.63708583030279 17.326956543614497
0 153.6 15.387979246121002 17.30583996914606
0 153.8 15.138872661939214 17.284723394677624
0 154.0 14.889766077757425 17.263606820209187
0 154.2 14.640659493575637 17.24249024574075
0 154.4 14.391552909393848 17.221373671272314
0 154.6 14.14244632521206 17.200257096803877
0 154.8 13.893339741030271 17.17914052233544
0 155.0 13.644233156848482 17.158023947867004
0 155.2 13.395126572666694 17.136907373398568
0 155.4 13.146019988484905 17.11579079893013
0 155.6 12.896913404303117 17.094674224461695
0 155.8 12.647806820121328 17.07355764999326
0 156.0 12.39870023593954 17.052441075524822
0 156.2 12.149593651757751 17.031324501056385
0 156.4 11.900487067575963 17.01020792658795
0 156.6 11.651380483394174 16.989091352119512
0 156.8 11.402273899212386 16.967974777651076
0 157.0 11.153167315030597 16.94685820318264
0 157.2 10.904060730848808 16.925741628714203
0 157.4 10.65495414666702 16.904625054245766
0 157.6 10.405847562485231 16.88350847977733
0 157.8 10.156740978303443 16.862391905308893
0 158.0 9.907634394121654 16.841275330840457
0 158.2 9.658527809939866 16.82015875637202
0 158.4 9.409421225758077 16.799042181903584
0 158.6 9.160314641576289 16.777925607435147
0 158.8 8.9112080573945 16.75680903296671
0 159.0 8.662101473212712 16.735692458498274
0 159.2 8.412994889030923 16.714575884029838
0 159.4 8.163888304849134 16.6934593095614
0 159.6 7.914781720667345 16.672342735092965
0 159.8 7.6656751364855555 16.651226160624528
