2 0 6.91892378526 13.7395882878
3 0 3.84594162348 3.90929623597
4 0 19.6324883001 2.03341445695
5 0 13.7100022573 5.82181019712
6 0 5.97574823204 10.841544127
7 0 1.39874185748 1.98168114239
8 0 16.31157534695 18.3733674153
9 0 9.48411387241 16.2054504008
10 0 3.89853538203 16.7645322219
11 0 2.08055381313 6.88569808568
12 0 0.556335713214 7.84859424962
13 0 17.1567002579 5.04746541232
14 0 17.1574914071 12.2635880277
15 0 8.25505110793 5.02276405748
16 0 4.22652554768 0.258016787308
17 0 18.054335677 0.858772218006
18 0 16.2320238741 0.303569236151
19 0 1.06421182664 13.0563734698
20 0 11.8062202608 2.04192887999
21 0 11.2751834165 19.1401478906
22 0 7.21148561731 11.4802931204
23 0 16.0810280995 1.99822246427
24 0 14.6412004257 11.1708722467
25 0 11.5966341182 13.63288939802
26 0 10.642303383 6.26290588702
1 0 10 10
0 0.0 10.625872212567662 9.211230785829068
0 0.2 10.61636896133527 9.260319361037705
0 0.4 10.606865710102879 9.309407936246343
0 0.6 10.597362458870487 9.35849651145498
0 0.8 10.587859207638095 9.407585086663618
0 1.0 10.578355956405703 9.456673661872255
0 1.2 10.568852705173311 9.505762237080893
0 1.4 10.55934945394092 9.55485081228953
0 1.6 10.549846202708528 9.603939387498167
0 1.8 10.540342951476136 9.653027962706805
0 2.0 10.530839700243744 9.702116537915442
0 2.2 10.521336449011352 9.75120511312408
0 2.4 10.51183319777896 9.800293688332717
0 2.6 10.502329946546569 9.849382263541354
0 2.8 10.492826695314177 9.898470838749992
0 3.0 10.483323444081785 9.94755941395863
0 3.2 10.473820192849393 9.996647989167267
0 3.4 10.464316941617001 10.045736564375904
0 3.6 10.45481369038461 10.094825139584541
0 3.8 10.445310439152218 10.143913714793179
0 4.0 10.435807187919826 10.193002290001816
0 4.2 10.426303936687434 10.242090865210454
0 4.4 10.416800685455042 10.291179440419091
0 4.6 10.40729743422265 10.340268015627728
0 4.8 10.397794182990259 10.389356590836366
0 5.0 10.388290931757867 10.438445166045003
0 5.2 10.378787680525475 10.48753374125364
0 5.4 10.369284429293083 10.536622316462278
0 5.6 10.359781178060691 10.585710891670916
0 5.8 10.3502779268283 10.634799466879553
0 6.0 10.340774675595908 10.68388804208819
0 6.2 10.331271424363516 10.732976617296828
0 6.4 10.321768173131124 10.782065192505465
0 6.6 10.312264921898732 10.831153767714103
0 6.8 10.30276167066634 10.88024234292274
0 7.0 10.293258419433949 10.929330918131377
0 7.2 10.283755168201557 10.978419493340015
0 7.4 10.274251916969165 11.027508068548652
0 7.6 10.264748665736773 11.07659664375729
0 7.8 10.255245414504381 11.125685218965927
0 8.0 10.24574216327199 11.174773794174564
0 8.2 10.236238912039598 11.223862369383202
0 8.4 10.226735660807206 11.27295094459184
0 8.6 10.217232409574814 11.322039519800477
0 8.8 10.207729158342422 11.371128095009114
0 9.0 10.19822590711003 11.420216670217751
0 9.2 10.188722655877639 11.469305245426389
0 9.4 10.179219404645247 11.518393820635026
0 9.6 10.169716153412855 11.567482395843664
0 9.8 10.160212902180463 11.616570971052301
0 10.0 10.150709650948071 11.665659546260938
0 10.2 10.14120639971568 11.714748121469576
0 10.4 10.131703148483288 11.763836696678213
0 10.6 10.122199897250896 11.81292527188685
0 10.8 10.112696646018504 11.862013847095488
0 11.0 10.103193394786112 11.911102422304126
0 11.2 10.09369014355372 11.960190997512763
0 11.4 10.084186892321329 12.0092795727214
0 11.6 10.074683641088937 12.058368147930038
0 11.8 10.065180389856545 12.107456723138675
0 12.0 10.055677138624153 12.156545298347313
0 12.2 10.046173887391761 12.20563387355595
0 12.4 10.03667063615937 12.254722448764587
0 12.6 10.027167384926978 12.303811023973225
0 12.8 10.017664133694586 12.352899599181862
0 13.0 10.008160882462194 12.4019881743905
0 13.2 9.998657631229802 12.451076749599137
0 13.4 9.98915437999741 12.500165324807774
0 13.6 9.979651128765019 12.549253900016412
0 13.8 9.970147877532627 12.59834247522505
0 14.0 9.960644626300235 12.647431050433687
0 14.2 9.951141375067843 12.696519625642324
0 14.4 9.941638123835451 12.745608200850961
0 14.6 9.93213487260306 12.794696776059599
0 14.8 9.922631621370668 12.843785351268236
0 15.0 9.913128370138276 12.892873926476874
0 15.2 9.903625118905884 12.941962501685511
0 15.4 9.894121867673492 12.991051076894149
0 15.6 9.8846186164411 13.040139652102786
0 15.8 9.875115365208709 13.089228227311423
0 16.0 9.865612113976317 13.13831680252006
0 16.2 9.856108862743925 13.187405377728698
0 16.4 9.846605611511533 13.236493952937336
0 16.6 9.837102360279141 13.285582528145973
0 16.8 9.82759910904675 13.33467110335461
0 17.0 9.818095857814358 13.383759678563248
0 17.2 9.808592606581966 13.432848253771885
0 17.4 9.799089355349574 13.481936828980523
0 17.6 9.789586104117182 13.53102540418916
0 17.8 9.78008285288479 13.580113979397797
0 18.0 9.770579601652399 13.629202554606435
0 18.2 9.761076350420007 13.678291129815072
0 18.4 9.751573099187615 13.72737970502371
0 18.6 9.742069847955223 13.776468280232347
0 18.8 9.732566596722831 13.825556855440984
0 19.0 9.72306334549044 13.874645430649622
0 19.2 9.713560094258048 13.92373400585826
0 19.4 9.704056843025656 13.972822581066897
0 19.6 9.694553591793264 14.021911156275534
0 19.8 9.685050340560872 14.070999731484171
0 20.0 9.67554708932848 14.120088306692809
0 20.2 9.666043838096089 14.169176881901446
0 20.4 9.656540586863697 14.218265457110084
0 20.6 9.647037335631305 14.267354032318721
0 20.8 9.637534084398913 14.316442607527359
0 21.0 9.628030833166521 14.365531182735996
0 21.2 9.61852758193413 14.414619757944633
0 21.4 9.609024330701738 14.46370833315327
0 21.6 9.599521079469346 14.512796908361908
0 21.8 9.590017828236954 14.561885483570546
0 22.0 9.580514577004562 14.610974058779183
0 22.2 9.57101132577217 14.66006263398782
0 22.4 9.561508074539779 14.709151209196458
0 22.6 9.552004823307387 14.758239784405095
0 22.8 9.542501572074995 14.807328359613733
0 23.0 9.532998320842603 14.85641693482237
0 23.2 9.523495069610211 14.905505510031007
0 23.4 9.51399181837782 14.954594085239645
0 23.6 9.504488567145428 15.003682660448282
0 23.8 9.494985315913036 15.05277123565692
0 24.0 9.485482064680644 15.101859810865557
0 24.2 9.475978813448252 15.150948386074194
0 24.4 9.46647556221586 15.200036961282832
0 24.6 9.456972310983469 15.24912553649147
0 24.8 9.447469059751077 15.298214111700107
0 25.0 9.437965808518685 15.347302686908744
0 25.2 9.428462557286293 15.396391262117382
0 25.4 9.418959306053901 15.445479837326019
0 25.6 9.40945605482151 15.494568412534656
0 25.8 9.399952803589118 15.543656987743294
0 26.0 9.390449552356726 15.592745562951931
0 26.2 9.380946301124334 15.641834138160569
0 26.4 9.371443049891942 15.690922713369206
0 26.6 9.36193979865955 15.740011288577843
0 26.8 9.352436547427159 15.78909986378648
0 27.0 9.342896150167327 15.838380314966479
0 27.2 9.2974344078182 15.859194492408346
0 27.4 9.251972665469072 15.880008669850213
0 27.6 9.206510923119945 15.90082284729208
0 27.8 9.161049180770817 15.921637024733947
0 28.0 9.11558743842169 15.942451202175814
0 28.2 9.070125696072562 15.963265379617681
0 28.4 9.024663953723435 15.984079557059548
0 28.6 8.979202211374307 16.004893734501415
0 28.8 8.93374046902518 16.025707911943282
0 29.0 8.888278726676052 16.04652208938515
0 29.2 8.842816984326925 16.067336266827017
0 29.4 8.797355241977797 16.088150444268884
0 29.6 8.75189349962867 16.10896462171075
0 29.8 8.706431757279542 16.129778799152618
0 30.0 8.660970014930415 16.150592976594485
0 30.2 8.615508272581287 16.171407154036352
0 30.4 8.57004653023216 16.19222133147822
0 30.6 8.524584787883033 16.213035508920086
0 30.8 8.479123045533905 16.233849686361953
0 31.0 8.433661303184778 16.25466386380382
0 31.2 8.38819956083565 16.275478041245687
0 31.4 8.342737818486523 16.296292218687555
0 31.6 8.297276076137395 16.31710639612942
0 31.8 8.251814333788268 16.33792057357129
0 32.0 8.20635259143914 16.358734751013156
0 32.2 8.160890849090013 16.379548928455023
0 32.4 8.115429106740885 16.40036310589689
0 32.6 8.069967364391758 16.421177283338757
0 32.8 8.02450562204263 16.441991460780624
0 33.0 7.979043879693502 16.46280563822249
0 33.2 7.933582137344374 16.48361981566436
0 33.4 7.888120394995245 16.504433993106225
0 33.6 7.842658652646117 16.525248170548092
0 33.8 7.7971969102969885 16.54606234798996
0 34.0 7.75173516794786 16.566876525431827
0 34.2 7.706273425598732 16.587690702873694
0 34.4 7.660811683249603 16.60850488031556
0 34.6 7.615349940900475 16.629319057757428
0 34.8 7.569888198551347 16.650133235199295
0 35.0 7.524426456202218 16.670947412641162
0 35.2 7.47896471385309 16.69176159008303
0 35.4 7.4335029715039616 16.712575767524896
0 35.6 7.388041229154833 16.733389944966763
0 35.8 7.342579486805705 16.75420412240863
0 36.0 7.2971177444565765 16.775018299850498
0 36.2 7.251656002107448 16.795832477292365
0 36.4 7.20619425975832 16.81664665473423
0 36.6 7.160732517409191 16.8374608321761
0 36.8 7.115270775060063 16.858275009617966
0 37.0 7.069809032710935 16.879089187059833
0 37.2 7.024347290361806 16.8999033645017
0 37.4 6.978885548012678 16.920717541943567
0 37.6 6.9334238056635495 16.941531719385434
0 37.8 6.887962063314421 16.9623458968273
0 38.0 6.842500320965293 16.98316007426917
0 38.2 6.7970385786161645 17.003974251711035
0 38.4 6.751576836267036 17.024788429152903
0 38.6 6.706115093917908 17.04560260659477
0 38.8 6.660653351568779 17.066416784036637
0 39.0 6.615191609219651 17.087230961478504
0 39.2 6.569729866870523 17.10804513892037
0 39.4 6.524268124521394 17.128859316362238
0 39.6 6.478806382172266 17.149673493804105
0 39.8 6.4333446398231375 17.170487671245972
0 40.0 6.387882897474009 17.19130184868784
0 40.2 6.342421155124881 17.212116026129706
0 40.4 6.296959412775752 17.232930203571573
0 40.6 6.251497670426624 17.25374438101344
0 40.8 6.206035928077496 17.274558558455308
0 41.0 6.160574185728367 17.295372735897175
0 41.2 6.115112443379239 17.316186913339042
0 41.4 6.069650701030111 17.33700109078091
0 41.6 6.024188958680982 17.357815268222776
0 41.8 5.978727216331854 17.378629445664643
0 42.0 5.9332654739827255 17.39944362310651
0 42.2 5.887803731633597 17.420257800548377
0 42.4 5.842341989284469 17.441071977990244
0 42.6 5.79688024693534 17.46188615543211
0 42.8 5.751418504586212 17.48270033287398
0 43.0 5.705956762237084 17.503514510315846
0 43.2 5.660495019887955 17.524328687757713
0 43.4 5.615033277538827 17.54514286519958
0 43.6 5.569571535189699 17.565957042641447
0 43.8 5.52410979284057 17.586771220083314
0 44.0 5.478648050491442 17.60758539752518
0 44.2 5.4331863081423135 17.628399574967048
0 44.4 5.387724565793185 17.649213752408915
0 44.6 5.342262823444057 17.670027929850782
0 44.8 5.296801081094928 17.69084210729265
0 45.0 5.2513393387458 17.711656284734516
0 45.2 5.205877596396672 17.732470462176384
0 45.4 5.160415854047543 17.75328463961825
0 45.6 5.114954111698415 17.774098817060118
0 45.8 5.069492369349287 17.794912994501985
0 46.0 5.024030627000158 17.815727171943852
0 46.2 4.97856888465103 17.83654134938572
0 46.4 4.9331071423019015 17.857355526827586
0 46.6 4.887645399952773 17.878169704269453
0 46.8 4.842183657603645 17.89898388171132
0 47.0 4.796721915254516 17.919798059153187
0 47.2 4.751260172905388 17.940612236595054
0 47.4 4.70579843055626 17.96142641403692
0 47.6 4.660336688207131 17.98224059147879
0 47.8 4.614874945858003 18.003054768920656
0 48.0 4.569413203508875 18.023868946362523
0 48.2 4.523951461159746 18.04468312380439
0 48.4 4.478489718810618 18.065497301246257
0 48.6 4.4330279764614895 18.086311478688124
0 48.8 4.387566234112361 18.10712565612999
0 49.0 4.342104491763233 18.12793983357186
0 49.2 4.272628648957781 18.159748612675973
0 49.4 4.262183227392878 18.110851852370903
0 49.6 4.251737805827975 18.061955092065833
0 49.8 4.2412923842630725 18.013058331760764
0 50.0 4.23084696269817 17.964161571455694
0 50.2 4.220401541133267 17.915264811150625
0 50.4 4.209956119568364 17.866368050845555
0 50.6 4.199510698003461 17.817471290540485
0 50.8 4.1890652764385585 17.768574530235416
0 51.0 4.178619854873656 17.719677769930346
0 51.2 4.168174433308753 17.670781009625276
0 51.4 4.15772901174385 17.621884249320207
0 51.6 4.147283590178947 17.572987489015137
0 51.8 4.1368381686140445 17.524090728710068
0 52.0 4.126392747049142 17.475193968404998
0 52.2 4.115947325484239 17.42629720809993
0 52.4 4.105501903919336 17.37740044779486
0 52.6 4.095056482354433 17.32850368748979
0 52.8 4.0846110607895305 17.27960692718472
0 53.0 4.074165639224628 17.23071016687965
0 53.2 4.063720217659725 17.18181340657458
0 53.4 4.053274796094822 17.13291664626951
0 53.6 4.042829374529919 17.08401988596444
0 53.8 4.0323839529650165 17.03512312565937
0 54.0 4.021938531400114 16.9862263653543
0 54.2 4.011493109835211 16.937329605049232
0 54.4 4.001047688270308 16.888432844744163
0 54.6 3.9906022667054053 16.839536084439093
0 54.8 3.9801568451405025 16.790639324134023
0 55.0 3.9697114235755997 16.741742563828954
0 55.2 3.959266002010697 16.692845803523884
0 55.4 3.948820580445794 16.643949043218814
0 55.6 3.9383751588808913 16.595052282913745
0 55.8 3.9279297373159885 16.546155522608675
0 56.0 3.9174843157510857 16.497258762303606
0 56.2 3.907038894186183 16.448362001998536
0 56.4 3.89659347262128 16.399465241693466
0 56.6 3.8861480510563773 16.350568481388397
0 56.8 3.8757026294914745 16.301671721083327
0 57.0 3.8652572079265717 16.252774960778257
0 57.2 3.854811786361669 16.203878200473188
0 57.4 3.844366364796766 16.154981440168118
0 57.6 3.8339209432318633 16.10608467986305
0 57.8 3.8234755216669605 16.05718791955798
0 58.0 3.8130301001020577 16.00829115925291
0 58.2 3.802584678537155 15.95939439894784
0 58.4 3.792139256972252 15.91049763864277
0 58.6 3.7816938354073493 15.8616008783377
0 58.8 3.7712484138424465 15.81270411803263
0 59.0 3.7608029922775437 15.763807357727561
0 59.2 3.750357570712641 15.714910597422492
0 59.4 3.739912149147738 15.666013837117422
0 59.6 3.7294667275828353 15.617117076812352
0 59.8 3.7190213060179325 15.568220316507283
0 60.0 3.7085758844530297 15.519323556202213
0 60.2 3.698130462888127 15.470426795897144
0 60.4 3.687685041323224 15.421530035592074
0 60.6 3.6772396197583213 15.372633275287004
0 60.8 3.6667941981934185 15.323736514981935
0 61.0 3.6563487766285157 15.274839754676865
0 61.2 3.645903355063613 15.225942994371795
0 61.4 3.63545793349871 15.177046234066726
0 61.6 3.6250125119338072 15.128149473761656
0 61.8 3.6145670903689044 15.079252713456587
0 62.0 3.6041216688040016 15.030355953151517
0 62.2 3.593676247239099 14.981459192846447
0 62.4 3.583230825674196 14.932562432541378
0 62.6 3.5727854041092932 14.883665672236308
0 62.8 3.5623399825443904 14.834768911931238
0 63.0 3.5518945609794876 14.785872151626169
0 63.2 3.541449139414585 14.7369753913211
0 63.4 3.531003717849682 14.68807863101603
0 63.6 3.5205582962847792 14.63918187071096
0 63.8 3.5101128747198764 14.59028511040589
0 64.0 3.4996674531549736 14.54138835010082
0 64.2 3.489222031590071 14.492491589795751
0 64.4 3.478776610025168 14.443594829490682
0 64.6 3.4683311884602652 14.394698069185612
0 64.8 3.4578857668953624 14.345801308880542
0 65.0 3.4474403453304596 14.296904548575473
0 65.2 3.436994923765557 14.248007788270403
0 65.4 3.426549502200654 14.199111027965333
0 65.6 3.416104080635751 14.150214267660264
0 65.8 3.4056586590708484 14.101317507355194
0 66.0 3.3952132375059456 14.052420747050125
0 66.2 3.384767815941043 14.003523986745055
0 66.4 3.37432239437614 13.954627226439985
0 66.6 3.363876972811237 13.905730466134916
0 66.8 3.3534315512463344 13.856833705829846
0 67.0 3.3429861296814316 13.807936945524776
0 67.2 3.332540708116529 13.759040185219707
0 67.4 3.322095286551626 13.710143424914637
0 67.6 3.311649864986723 13.661246664609568
0 67.8 3.3012044434218204 13.612349904304498
0 68.0 3.2907590218569176 13.563453143999428
0 68.2 3.280313600292015 13.514556383694359
0 68.4 3.269868178727112 13.46565962338929
0 68.6 3.259422757162209 13.41676286308422
0 68.8 3.2489773355973064 13.36786610277915
0 69.0 3.2385319140324036 13.31896934247408
0 69.2 3.228086492467501 13.27007258216901
0 69.4 3.217641070902598 13.221175821863941
0 69.6 3.207195649337695 13.172279061558871
0 69.8 3.1967502277727924 13.123382301253802
0 70.0 3.1863048062078896 13.074485540948732
0 70.2 3.175859384642987 13.025588780643663
0 70.4 3.165413963078084 12.976692020338593
0 70.6 3.154968541513181 12.927795260033523
0 70.8 3.1445231199482784 12.878898499728454
0 71.0 3.1340776983833756 12.830001739423384
0 71.2 3.1236322768184728 12.781104979118314
0 71.4 3.11318685525357 12.732208218813245
0 71.6 3.102741433688667 12.683311458508175
0 71.8 3.0922960121237644 12.634414698203106
0 72.0 3.0818505905588616 12.585517937898036
0 72.2 3.0714051689939588 12.536621177592966
0 72.4 3.060959747429056 12.487724417287897
0 72.6 3.050514325864153 12.438827656982827
0 72.8 3.0400689042992504 12.389930896677757
0 73.0 3.0296234827343476 12.341034136372688
0 73.2 3.0191780611694448 12.292137376067618
0 73.4 3.008732639604542 12.243240615762549
0 73.6 2.998287218039639 12.194343855457479
0 73.8 2.9878417964747364 12.14544709515241
0 74.0 2.9773963749098336 12.09655033484734
0 74.2 2.9669509533449308 12.04765357454227
0 74.4 2.956505531780028 11.9987568142372
0 74.6 2.946060110215125 11.949860053932131
0 74.8 2.9356146886502223 11.900963293627061
0 75.0 2.9251692670853195 11.852066533321992
0 75.2 2.9147238455204167 11.803169773016922
0 75.4 2.904278423955514 11.754273012711852
0 75.6 2.893833002390611 11.705376252406783
0 75.8 2.8833875808257083 11.656479492101713
0 76.0 2.8729421592608055 11.607582731796644
0 76.2 2.8624967376959027 11.558685971491574
0 76.4 2.852051316131 11.509789211186504
0 76.6 2.841605894566097 11.460892450881435
0 76.8 2.8311604730011943 11.411995690576365
0 77.0 2.8207150514362915 11.363098930271295
0 77.2 2.8102696298713887 11.314202169966226
0 77.4 2.799824208306486 11.265305409661156
0 77.6 2.789378786741583 11.216408649356087
0 77.8 2.7789333651766803 11.167511889051017
0 78.0 2.7684879436117775 11.118615128745947
0 78.2 2.7580425220468747 11.069718368440878
0 78.4 2.747597100481972 11.020821608135808
0 78.6 2.737151678917069 10.971924847830739
0 78.8 2.7267062573521663 10.923028087525669
0 79.0 2.7162608357872635 10.8741313272206
0 79.2 2.7058154142223607 10.82523456691553
0 79.4 2.695369992657458 10.77633780661046
0 79.6 2.684924571092555 10.72744104630539
0 79.8 2.6744791495276523 10.67854428600032
0 80.0 2.6640337279627495 10.629647525695251
0 80.2 2.6535883063978467 10.580750765390182
0 80.4 2.643142884832944 10.531854005085112
0 80.6 2.632697463268041 10.482957244780042
0 80.8 2.6222520417031383 10.434060484474973
0 81.0 2.6118066201382355 10.385163724169903
0 81.2 2.6013611985733327 10.336266963864833
0 81.4 2.59091577700843 10.287370203559764
0 81.6 2.580470355443527 10.238473443254694
0 81.8 2.5700249338786243 10.189576682949625
0 82.0 2.5595795123137215 10.140679922644555
0 82.2 2.5491340907488187 10.091783162339485
0 82.4 2.538688669183916 10.042886402034416
0 82.6 2.528243247619013 9.993989641729346
0 82.8 2.5177978260541103 9.945092881424276
0 83.0 2.5073524044892075 9.896196121119207
0 83.2 2.4969069829243047 9.847299360814137
0 83.4 2.486461561359402 9.798402600509068
0 83.6 2.476016139794499 9.749505840203998
0 83.8 2.4655707182295963 9.700609079898928
0 84.0 2.4551252966646935 9.651712319593859
0 84.2 2.4446798750997907 9.60281555928879
0 84.4 2.434234453534888 9.55391879898372
0 84.6 2.423789031969985 9.50502203867865
0 84.8 2.4133436104050823 9.45612527837358
0 85.0 2.4028981888401795 9.40722851806851
0 85.2 2.3924527672752767 9.358331757763441
0 85.4 2.382007345710374 9.309434997458371
0 85.6 2.371561924145471 9.260538237153302
0 85.8 2.3611165025805683 9.211641476848232
0 86.0 2.3506710810156655 9.162744716543163
0 86.2 2.3402256594507627 9.113847956238093
0 86.4 2.32978023788586 9.064951195933023
0 86.6 2.319334816320957 9.016054435627954
0 86.8 2.3088893947560543 8.967157675322884
0 87.0 2.2984439731911515 8.918260915017814
0 87.2 2.2879985516262487 8.869364154712745
0 87.4 2.277553130061346 8.820467394407675
0 87.6 2.267107708496443 8.771570634102606
0 87.8 2.2566622869315403 8.722673873797536
0 88.0 2.2462168653666374 8.673777113492466
0 88.2 2.2357714438017346 8.624880353187397
0 88.4 2.225326022236832 8.575983592882327
0 88.6 2.214880600671929 8.527086832577258
0 88.8 2.2044351791070262 8.478190072272188
0 89.0 2.1939897575421234 8.429293311967118
0 89.2 2.1835443359772206 8.380396551662049
0 89.4 2.173098914412318 8.331499791356979
0 89.6 2.162653492847415 8.28260303105191
0 89.8 2.1522080712825122 8.23370627074684
0 90.0 2.1417626497176094 8.18480951044177
0 90.2 2.1313172281527066 8.1359127501367
0 90.4 2.120871806587804 8.087015989831631
0 90.6 2.110426385022901 8.038119229526561
0 90.8 2.0999809634579982 7.989222469221492
0 91.0 2.0895355418930954 7.940325708916422
0 91.2 2.0790901203281926 7.8914289486113525
0 91.4 2.06864469876329 7.842532188306283
0 91.6 2.058199277198387 7.793635428001213
0 91.8 2.047753855633484 7.744738667696144
0 92.0 2.0373084340685814 7.695841907391074
0 92.2 2.0268630125036786 7.646945147086004
0 92.4 2.016417590938776 7.598048386780935
0 92.6 2.005972169373873 7.549151626475865
0 92.8 1.99552674780897 7.5002548661707955
0 93.0 1.985081326244067 7.451358105865726
0 93.2 1.974635904679164 7.402461345560656
0 93.4 1.964190483114261 7.353564585255587
0 93.6 1.953745061549358 7.304667824950517
0 93.8 1.9432996399844549 7.255771064645447
0 94.0 1.9328542184195519 7.206874304340378
0 94.2 1.9224087968546488 7.157977544035308
0 94.4 1.9119633752897458 7.1090807837302386
0 94.6 1.9015179537248428 7.060184023425169
0 94.8 1.8910725321599398 7.011287263120099
0 95.0 1.8806271105950367 6.96239050281503
0 95.2 1.8701816890301337 6.91349374250996
0 95.4 1.8597362674652307 6.8645969822048905
0 95.6 1.8492908459003277 6.815700221899821
0 95.8 1.8388454243354246 6.766803461594751
0 96.0 1.8284000027705216 6.717906701289682
0 96.2 1.8179545812056186 6.669009940984612
0 96.4 1.8075091596407156 6.620113180679542
0 96.6 1.7970637380758125 6.571216420374473
0 96.8 1.7866183165109095 6.522319660069403
0 97.0 1.7761728949460065 6.4734228997643335
0 97.2 1.7657274733811035 6.424526139459264
0 97.4 1.7552820518162005 6.375629379154194
0 97.6 1.7448366302512974 6.326732618849125
0 97.8 1.7343912086863944 6.277835858544055
0 98.0 1.7239457871214914 6.228939098238985
0 98.2 1.7135003655565884 6.180042337933916
0 98.4 1.7030549439916853 6.131145577628846
0 98.6 1.6926095224267823 6.0822488173237765
0 98.8 1.6821641008618793 6.033352057018707
0 99.0 1.6717186792969763 5.984455296713637
0 99.2 1.6612732577320732 5.935558536408568
0 99.4 1.6508278361671702 5.886661776103498
0 99.6 1.6403824146022672 5.837765015798428
0 99.8 1.6299369930373642 5.788868255493359
0 100.0 1.6194915714724611 5.739971495188289
0 100.2 1.6090461499075581 5.69107473488322
0 100.4 1.598600728342655 5.64217797457815
0 100.6 1.588155306777752 5.59328121427308
0 100.8 1.577709885212849 5.544384453968011
0 101.0 1.567264463647946 5.495487693662941
0 101.2 1.556819042083043 5.4465909333578715
0 101.4 1.54637362051814 5.397694173052802
0 101.6 1.535928198953237 5.348797412747732
0 101.8 1.525482777388334 5.299900652442663
0 102.0 1.515037355823431 5.251003892137593
0 102.2 1.5045919342585279 5.202107131832523
0 102.4 1.4941465126936249 5.153210371527454
0 102.6 1.4837010911287218 5.104313611222384
0 102.8 1.4732556695638188 5.0554168509173145
0 103.0 1.4628102479989158 5.006520090612245
0 103.2 1.4523648264340128 4.957623330307175
0 103.4 1.4419194048691097 4.908726570002106
0 103.6 1.4314739833042067 4.859829809697036
0 103.8 1.4210285617393037 4.810933049391966
0 104.0 1.4105831401744007 4.762036289086897
0 104.2 1.4001377186094977 4.713139528781827
0 104.4 1.3896922970445946 4.664242768476758
0 104.6 1.3792468754796916 4.615346008171688
0 104.8 1.3688014539147886 4.566449247866618
0 105.0 1.3583560323498856 4.517552487561549
0 105.2 1.3479106107849825 4.468655727256479
0 105.4 1.3374651892200795 4.4197589669514095
0 105.6 1.3270197676551765 4.37086220664634
0 105.8 1.3165743460902735 4.32196544634127
0 106.0 1.3061289245253704 4.273068686036201
0 106.2 1.2956835029604674 4.224171925731131
0 106.4 1.2852380813955644 4.175275165426061
0 106.6 1.2747926598306614 4.126378405120992
0 106.8 1.2643472382657583 4.077481644815922
0 107.0 1.2539018167008553 4.0285848845108525
0 107.2 1.2434563951359523 3.9796881242057824
0 107.4 1.2330109735710493 3.9307913639007124
0 107.6 1.2225655520061463 3.8818946035956423
0 107.8 1.2121201304412432 3.8329978432905722
0 108.0 1.2016747088763402 3.784101082985502
0 108.2 1.1912292873114372 3.735204322680432
0 108.4 1.1807838657465342 3.686307562375362
0 108.6 1.1703384441816311 3.637410802070292
0 108.8 1.159893022616728 3.588514041765222
0 109.0 1.149447601051825 3.539617281460152
0 109.2 1.139002179486922 3.490720521155082
0 109.4 1.128556757922019 3.4418237608500117
0 109.6 1.118111336357116 3.3929270005449417
0 109.8 1.107665914792213 3.3440302402398716
0 110.0 1.09722049322731 3.2951334799348015
0 110.2 1.086775071662407 3.2462367196297315
0 110.4 1.076329650097504 3.1973399593246614
0 110.6 1.065884228532601 3.1484431990195914
0 110.8 1.0554388069676979 3.0995464387145213
0 111.0 1.0449933854027948 3.0506496784094512
0 111.2 1.0345479638378918 3.001752918104381
0 111.4 1.0241025422729888 2.952856157799311
0 111.6 1.0136571207080858 2.903959397494241
0 111.8 1.0032116991431828 2.855062637189171
0 112.0 0.9927662775782798 2.806165876884101
0 112.2 0.9823208560133769 2.757269116579031
0 112.4 0.971875434448474 2.708372356273961
0 112.6 0.9614300128835711 2.6594755959688907
0 112.8 0.9509845913186682 2.6105788356638207
0 113.0 0.9405391697537653 2.5616820753587506
0 113.2 0.9300937481888624 2.5127853150536805
0 113.4 0.9196483266239595 2.4638885547486105
0 113.6 0.9092029050590565 2.4149917944435404
0 113.8 0.8987574834941536 2.3660950341384703
0 114.0 0.8883120619292507 2.3171982738334003
0 114.2 0.8778666403643478 2.26830151352833
0 114.4 0.8674212187994449 2.21940475322326
0 114.6 0.856975797234542 2.17050799291819
0 114.8 0.8465303756696391 2.12161123261312
0 115.0 0.8360849541047362 2.07271447230805
0 115.2 0.8256395325398332 2.02381771200298
0 115.4 0.8151941109749303 1.97492095169791
0 115.6 0.8047486894100274 1.9260241913928402
0 115.8 0.7943032678451245 1.8771274310877704
0 116.0 0.7838578462802216 1.8282306707827005
0 116.2 0.7734124247153187 1.7793339104776307
0 116.4 0.7629670031504158 1.7304371501725608
0 116.6 0.7525215815855129 1.681540389867491
0 116.8 0.7420761600206099 1.6326436295624212
0 117.0 0.731630738455707 1.5837468692573513
0 117.2 0.7211853168908041 1.5348501089522815
0 117.4 0.7107398953259012 1.4859533486472116
0 117.6 0.7002944737609983 1.4370565883421418
0 117.8 0.6898490521960954 1.388159828037072
0 118.0 0.6794036306311925 1.339263067732002
0 118.2 0.6689582090662896 1.2903663074269323
0 118.4 0.6585127875013866 1.2414695471218624
0 118.6 0.6480673659364837 1.1925727868167926
0 118.8 0.6376219443715808 1.1436760265117227
0 119.0 0.6271765228066779 1.094779266206653
0 119.2 0.616731101241775 1.045882505901583
0 119.4 0.6062856796768721 0.9969857455965131
0 119.6 0.5958402581119692 0.9480889852914431
0 119.8 0.5853948365470663 0.8991922249863732
0 120.0 0.5749494149821633 0.8502954646813032
0 120.2 0.5645039934172604 0.8013987043762333
0 120.4 0.5540585718523575 0.7525019440711633
0 120.6 0.5436131502874546 0.7036051837660934
0 120.8 0.5331677287225517 0.6547084234610234
0 121.0 0.5227223071576488 0.6058116631559535
0 121.2 0.5122768855927459 0.5569149028508835
0 121.4 0.501831464027843 0.5080181425458136
0 121.6 0.49138604246294 0.45912138224074367
0 121.8 0.480940620898037 0.41022462193567377
0 122.0 0.47049519933313405 0.3613278616306039
0 122.2 0.4600497777682311 0.312431101325534
0 122.4 0.4496043562033281 0.2635343410204641
0 122.6 0.43290841712845474 0.18537786586635852
0 122.8 0.46977221239983025 0.21915745435097614
0 123.0 0.5066360076712058 0.25293704283559376
0 123.2 0.5434998029425813 0.2867166313202114
0 123.4 0.5803635982139568 0.32049621980482906
0 123.6 0.6172273934853323 0.3542758082894467
0 123.8 0.6540911887567078 0.38805539677406437
0 124.0 0.6909549840280833 0.421834985258682
0 124.2 0.7278187792994588 0.45561457374329967
0 124.4 0.7646825745708343 0.4893941622279173
0 124.6 0.8015463698422098 0.5231737507125349
0 124.8 0.8384101651135853 0.5569533391971525
0 125.0 0.8752739603849609 0.5907329276817701
0 125.2 0.9121377556563364 0.6245125161663877
0 125.4 0.9490015509277119 0.6582921046510053
0 125.6 0.9858653461990874 0.6920716931356229
0 125.8 1.022729141470463 0.7258512816202405
0 126.0 1.0595929367418384 0.7596308701048581
0 126.2 1.096456732013214 0.7934104585894757
0 126.4 1.1333205272845894 0.8271900470740933
0 126.6 1.170184322555965 0.8609696355587109
0 126.8 1.2070481178273404 0.8947492240433285
0 127.0 1.243911913098716 0.9285288125279461
0 127.2 1.2807757083700915 0.9623084010125637
0 127.4 1.317639503641467 0.9960879894971812
0 127.6 1.3545032989128425 1.029867577981799
0 127.8 1.391367094184218 1.0636471664664167
0 128.0 1.4282308894555935 1.0974267549510344
0 128.2 1.465094684726969 1.131206343435652
0 128.4 1.5019584799983445 1.1649859319202698
0 128.6 1.53882227526972 1.1987655204048875
0 128.8 1.5756860705410956 1.2325451088895052
0 129.0 1.612549865812471 1.266324697374123
0 129.2 1.6494136610838466 1.3001042858587406
0 129.4 1.686277456355222 1.3338838743433583
0 129.6 1.7231412516265976 1.367663462827976
0 129.8 1.760005046897973 1.4014430513125937
0 130.0 1.7968688421693486 1.4352226397972114
0 130.2 1.8337326374407241 1.4690022282818291
0 130.4 1.8705964327120996 1.5027818167664468
0 130.6 1.9074602279834751 1.5365614052510645
0 130.8 1.9443240232548507 1.5703409937356823
0 131.0 1.9811878185262262 1.6041205822203
0 131.2 2.018051613797602 1.6379001707049177
0 131.4 2.0549154090689776 1.6716797591895354
0 131.6 2.0917792043403534 1.705459347674153
0 131.8 2.128642999611729 1.7392389361587708
0 132.0 2.165506794883105 1.7730185246433885
0 132.2 2.2023705901544806 1.8067981131280062
0 132.4 2.2392343854258563 1.840577701612624
0 132.6 2.276098180697232 1.8743572900972416
0 132.8 2.3129619759686078 1.9081368785818593
0 133.0 2.3498257712399835 1.941916467066477
0 133.2 2.386689566511359 1.9756960555510947
0 133.4 2.423553361782735 2.0094756440357124
0 133.6 2.4604171570541107 2.04325523252033
0 133.8 2.4972809523254864 2.0770348210049474
0 134.0 2.534144747596862 2.110814409489565
0 134.2 2.571008542868238 2.1445939979741824
0 134.4 2.6078723381396136 2.1783735864588
0 134.6 2.6447361334109893 2.2121531749434173
0 134.8 2.681599928682365 2.245932763428035
0 135.0 2.718463723953741 2.2797123519126523
0 135.2 2.7553275192251165 2.31349194039727
0 135.4 2.7921913144964923 2.3472715288818873
0 135.6 2.829055109767868 2.3810511173665048
0 135.8 2.8659189050392437 2.4148307058511223
0 136.0 2.9027827003106195 2.4486102943357397
0 136.2 2.939646495581995 2.482389882820357
0 136.4 2.976510290853371 2.5161694713049747
0 136.6 3.0133740861247467 2.549949059789592
0 136.8 3.0502378813961224 2.5837286482742097
0 137.0 3.087101676667498 2.617508236758827
0 137.2 3.123965471938874 2.6512878252434446
0 137.4 3.1608292672102496 2.685067413728062
0 137.6 3.1976930624816253 2.7188470022126796
0 137.8 3.234556857753001 2.752626590697297
0 138.0 3.271420653024377 2.7864061791819146
0 138.2 3.3082844482957525 2.820185767666532
0 138.4 3.3451482435671283 2.8539653561511495
0 138.6 3.382012038838504 2.887744944635767
0 138.8 3.4188758341098797 2.9215245331203845
0 139.0 3.4557396293812555 2.955304121605002
0 139.2 3.492603424652631 2.9890837100896195
0 139.4 3.529467219924007 3.022863298574237
0 139.6 3.5663310151953826 3.0566428870588545
0 139.8 3.6031948104667584 3.090422475543472
0 140.0 3.640058605738134 3.1242020640280894
0 140.2 3.67692240100951 3.157981652512707
0 140.4 3.7137861962808856 3.1917612409973244
0 140.6 3.7506499915522613 3.225540829481942
0 140.8 3.787513786823637 3.2593204179665594
0 141.0 3.8243775820950128 3.293100006451177
0 141.2 3.8612413773663885 3.3268795949357943
0 141.4 3.8981051726377642 3.360659183420412
0 141.6 3.93496896790914 3.3944387719050293
0 141.8 3.9718327631805157 3.428218360389647
0 142.0 4.008696558451891 3.4619979488742643
0 142.2 4.045560353723267 3.4957775373588817
0 142.4 4.082424148994642 3.5295571258434992
0 142.6 4.119287944266017 3.5633367143281167
0 142.8 4.156151739537393 3.597116302812734
0 143.0 4.193015534808768 3.6308958912973517
0 143.2 4.229879330080143 3.664675479781969
0 143.4 4.2667431253515185 3.6984550682665867
0 143.6 4.303606920622894 3.732234656751204
0 143.8 4.340470715894269 3.7660142452358216
0 144.0 4.377334511165644 3.799793833720439
0 144.2 4.41419830643702 3.8335734222050566
0 144.4 4.451062101708395 3.867353010689674
0 144.6 4.48792589697977 3.9011325991742916
0 144.8 4.5247896922511455 3.934912187658909
0 145.0 4.561653487522521 3.9686917761435265
0 145.2 4.598517282793896 4.0024713646281445
0 145.4 4.635381078065271 4.036250953112762
0 145.6 4.672244873336647 4.070030541597379
0 145.8 4.709108668608022 4.103810130081997
0 146.0 4.745972463879397 4.137589718566614
0 146.2 4.7828362591507725 4.171369307051232
0 146.4 4.819700054422148 4.205148895535849
0 146.6 4.856563849693523 4.238928484020467
0 146.8 4.893427644964898 4.272708072505084
0 147.0 4.930291440236274 4.306487660989702
0 147.2 4.967155235507649 4.340267249474319
0 147.4 5.004019030779024 4.374046837958937
0 147.6 5.0408828260503995 4.407826426443554
0 147.8 5.077746621321775 4.441606014928172
0 148.0 5.11461041659315 4.475385603412789
0 148.2 5.151474211864525 4.509165191897407
0 148.4 5.188338007135901 4.542944780382024
0 148.6 5.225201802407276 4.576724368866642
0 148.8 5.262065597678651 4.610503957351259
0 149.0 5.2989293929500265 4.644283545835877
0 149.2 5.335793188221402 4.678063134320494
0 149.4 5.372656983492777 4.711842722805112
0 149.6 5.409520778764152 4.745622311289729
0 149.8 5.446384574035528 4.779401899774347
0 150.0 5.483248369306903 4.813181488258964
0 150.2 5.520112164578278 4.846961076743582
0 150.4 5.5569759598496535 4.880740665228199
0 150.6 5.593839755121029 4.9145202537128165
0 150.8 5.630703550392404 4.948299842197434
0 151.0 5.667567345663779 4.9820794306820515
0 151.2 5.704431140935155 5.015859019166669
0 151.4 5.74129493620653 5.0496386076512865
0 151.6 5.778158731477905 5.083418196135904
0 151.8 5.8150225267492806 5.117197784620521
0 152.0 5.851886322020656 5.150977373105139
0 152.2 5.888750117292031 5.184756961589756
0 152.4 5.925613912563406 5.218536550074374
0 152.6 5.962477707834782 5.252316138558991
0 152.8 5.999341503106157 5.286095727043609
0 153.0 6.036205298377532 5.319875315528226
0 153.2 6.073069093648908 5.353654904012844
0 153.4 6.109932888920283 5.387434492497461
0 153.6 6.146796684191658 5.421214080982079
0 153.8 6.183660479463033 5.454993669466696
0 154.0 6.220524274734409 5.488773257951314
0 154.2 6.257388070005784 5.522552846435931
0 154.4 6.294251865277159 5.556332434920549
0 154.6 6.331115660548535 5.590112023405166
0 154.8 6.36797945581991 5.623891611889784
0 155.0 6.404843251091285 5.657671200374401
0 155.2 6.4417070463626604 5.691450788859019
0 155.4 6.478570841634036 5.725230377343636
0 155.6 6.515434636905411 5.759009965828254
0 155.8 6.552298432176786 5.792789554312871
0 156.0 6.589162227448162 5.826569142797489
0 156.2 6.626026022719537 5.860348731282106
0 156.4 6.662889817990912 5.894128319766724
0 156.6 6.6997536132622875 5.927907908251341
0 156.8 6.736617408533663 5.9616874967359585
0 157.0 6.773481203805038 5.995467085220576
0 157.2 6.810344999076413 6.0292466737051935
0 157.4 6.847208794347789 6.063026262189811
0 157.6 6.884072589619164 6.0968058506744285
0 157.8 6.920936384890539 6.130585439159046
0 158.0 6.9578001801619145 6.1643650276436635
0 158.2 6.99466397543329 6.198144616128281
0 158.4 7.031527770704665 6.231924204612898
0 158.6 7.06839156597604 6.265703793097516
0 158.8 7.105255361247416 6.299483381582133
0 159.0 7.142119156518791 6.333262970066751
0 159.2 7.178982951790166 6.367042558551368
0 159.4 7.2158467470615415 6.400822147035986
0 159.6 7.252710542332917 6.434601735520603
0 159.8 7.289574337604292 6.468381324005221
