2 0 6.91892378526 13.7395882878
3 0 3.84594162348 3.90929623597
4 0 19.6324883001 2.03341445695
5 0 13.7100022573 5.82181019712
6 0 5.97574823204 10.841544127
7 0 1.39874185748 1.98168114239
8 0 16.31157534695 18.3733674153
9 0 9.48411387241 16.2054504008
10 0 3.89853538203 16.7645322219
11 0 2.08055381313 6.88569808568
12 0 0.556335713214 7.84859424962
13 0 17.1567002579 5.04746541232
14 0 17.1574914071 12.2635880277
15 0 8.25505110793 5.02276405748
16 0 4.22652554768 0.258016787308
17 0 18.054335677 0.858772218006
18 0 16.2320238741 0.303569236151
19 0 1.06421182664 13.0563734698
20 0 11.8062202608 2.04192887999
21 0 11.2751834165 19.1401478906
22 0 7.21148561731 11.4802931204
23 0 16.0810280995 1.99822246427
24 0 14.6412004257 11.1708722467
25 0 11.5966341182 13.63288939802
26 0 10.642303383 6.26290588702
1 0 10 10
0 0.0 13.714184991385373 0.2578570683850823
0 0.2 13.57026966953498 0.21556782463802776
0 0.4 13.426354347684587 0.1732785808909732
0 0.6 13.282439025834194 0.13098933714391864
0 0.8 13.101417027183505 0.0777963669577697
0 1.0 13.177176994584855 0.20725843607203365
0 1.2 13.252936961986205 0.3367205051862976
0 1.4 13.328696929387554 0.46618257430056154
0 1.6 13.404456896788904 0.5956446434148255
0 1.8 13.480216864190254 0.7251067125290894
0 2.0 13.555976831591604 0.8545687816433534
0 2.2 13.631736798992954 0.9840308507576173
0 2.4 13.707496766394303 1.1134929198718813
0 2.6 13.783256733795653 1.242954988986145
0 2.8 13.859016701197003 1.372417058100409
0 3.0 13.934776668598353 1.5018791272146728
0 3.2 14.010536635999703 1.6313411963289366
0 3.4 14.086296603401053 1.7608032654432004
0 3.6 14.162056570802402 1.8902653345574643
0 3.8 14.237816538203752 2.019727403671728
0 4.0 14.313576505605102 2.149189472785992
0 4.2 14.389336473006452 2.2786515419002558
0 4.4 14.465096440407802 2.4081136110145196
0 4.6 14.540856407809152 2.5375756801287834
0 4.8 14.616616375210501 2.6670377492430473
0 5.0 14.692376342611851 2.796499818357311
0 5.2 14.768136310013201 2.925961887471575
0 5.4 14.84389627741455 3.0554239565858388
0 5.6 14.9196562448159 3.1848860257001026
0 5.8 14.99541621221725 3.3143480948143664
0 6.0 15.0711761796186 3.4438101639286303
0 6.2 15.14693614701995 3.573272233042894
0 6.4 15.2226961144213 3.702734302157158
0 6.6 15.29845608182265 3.8321963712714218
0 6.8 15.374216049224 3.9616584403856856
0 7.0 15.44997601662535 4.09112050949995
0 7.2 15.5257359840267 4.220582578614214
0 7.4 15.60149595142805 4.3500446477284775
0 7.6 15.677255918829399 4.479506716842741
0 7.8 15.753015886230749 4.608968785957005
0 8.0 15.828775853632099 4.738430855071269
0 8.2 15.904535821033448 4.867892924185533
0 8.4 15.980295788434798 4.997354993299797
0 8.6 16.056055755836148 5.1268170624140605
0 8.8 16.131815723237498 5.256279131528324
0 9.0 16.207575690638848 5.385741200642588
0 9.2 16.283335658040198 5.515203269756852
0 9.4 16.359095625441547 5.644665338871116
0 9.6 16.434855592842897 5.77412740798538
0 9.8 16.510615560244247 5.9035894770996435
0 10.0 16.586375527645597 6.033051546213907
0 10.2 16.662135495046947 6.162513615328171
0 10.4 16.737895462448297 6.291975684442435
0 10.6 16.813655429849646 6.421437753556699
0 10.8 16.889415397250996 6.550899822670963
0 11.0 16.965175364652346 6.6803618917852265
0 11.2 17.040935332053696 6.80982396089949
0 11.4 17.116695299455046 6.939286030013754
0 11.6 17.257108371853107 7.1792302579071565
0 11.8 17.140639316999483 7.273755171350667
0 12.0 17.02417026214586 7.368280084794178
0 12.2 16.907701207292234 7.462804998237689
0 12.4 16.79123215243861 7.5573299116812
0 12.6 16.674763097584986 7.651854825124711
0 12.8 16.55829404273136 7.746379738568222
0 13.0 16.441824987877737 7.840904652011733
0 13.2 16.325355933024113 7.935429565455244
0 13.4 16.20888687817049 8.029954478898755
0 13.6 16.092417823316865 8.124479392342266
0 13.8 15.97594876846324 8.219004305785777
0 14.0 15.859479713609616 8.313529219229288
0 14.2 15.743010658755992 8.408054132672799
0 14.4 15.626541603902368 8.50257904611631
0 14.6 15.510072549048743 8.59710395955982
0 14.8 15.39360349419512 8.691628873003332
0 15.0 15.277134439341495 8.786153786446842
0 15.2 15.16066538448787 8.880678699890353
0 15.4 15.044196329634246 8.975203613333864
0 15.6 14.927727274780622 9.069728526777375
0 15.8 14.811258219926998 9.164253440220886
0 16.0 14.694789165073374 9.258778353664397
0 16.2 14.57832011021975 9.353303267107908
0 16.4 14.461851055366125 9.447828180551419
0 16.6 14.345382000512501 9.54235309399493
0 16.8 14.228912945658877 9.63687800743844
0 17.0 14.112443890805253 9.731402920881951
0 17.2 13.995974835951628 9.825927834325462
0 17.4 13.879505781098004 9.920452747768973
0 17.6 13.76303672624438 10.014977661212484
0 17.8 13.646567671390756 10.109502574655995
0 18.0 13.530098616537131 10.204027488099506
0 18.2 13.413629561683507 10.298552401543017
0 18.4 13.297160506829883 10.393077314986527
0 18.6 13.180691451976259 10.487602228430038
0 18.8 13.064222397122634 10.58212714187355
0 19.0 12.94775334226901 10.67665205531706
0 19.2 12.831284287415386 10.771176968760571
0 19.4 12.714815232561762 10.865701882204082
0 19.6 12.598346177708137 10.960226795647593
0 19.8 12.481877122854513 11.054751709091104
0 20.0 12.365408068000889 11.149276622534614
0 20.2 12.248939013147265 11.243801535978125
0 20.4 12.13246995829364 11.338326449421636
0 20.6 12.016000903440016 11.432851362865147
0 20.8 11.899531848586392 11.527376276308658
0 21.0 11.783062793732768 11.621901189752169
0 21.2 11.666593738879143 11.71642610319568
0 21.4 11.55012468402552 11.81095101663919
0 21.6 11.433655629171895 11.905475930082702
0 21.8 11.31718657431827 12.000000843526212
0 22.0 11.200717519464646 12.094525756969723
0 22.2 11.084248464611022 12.189050670413234
0 22.4 10.967779409757398 12.283575583856745
0 22.6 10.851310354903774 12.378100497300256
0 22.8 10.73484130005015 12.472625410743767
0 23.0 10.618372245196525 12.567150324187278
0 23.2 10.501903190342901 12.661675237630789
0 23.4 10.38315383406782 12.758050816856345
0 23.6 10.43044068663828 12.615699302730293
0 23.8 10.47772753920874 12.473347788604242
0 24.0 10.5250143917792 12.33099627447819
0 24.2 10.57230124434966 12.188644760352139
0 24.4 10.61958809692012 12.046293246226087
0 24.6 10.66687494949058 11.903941732100035
0 24.8 10.71416180206104 11.761590217973984
0 25.0 10.7614486546315 11.619238703847932
0 25.2 10.80873550720196 11.47688718972188
0 25.4 10.856022359772421 11.334535675595829
0 25.6 10.903309212342881 11.192184161469777
0 25.8 10.950596064913341 11.049832647343726
0 26.0 10.997882917483802 10.907481133217674
0 26.2 11.045169770054262 10.765129619091622
0 26.4 11.092456622624722 10.62277810496557
0 26.6 11.139743475195182 10.480426590839519
0 26.8 11.187030327765642 10.338075076713467
0 27.0 11.234317180336102 10.195723562587416
0 27.2 11.281604032906563 10.053372048461364
0 27.4 11.328890885477023 9.911020534335313
0 27.6 11.376177738047483 9.768669020209261
0 27.8 11.423464590617943 9.62631750608321
0 28.0 11.470751443188403 9.483965991957158
0 28.2 11.518038295758863 9.341614477831106
0 28.4 11.565325148329324 9.199262963705054
0 28.6 11.612612000899784 9.056911449579003
0 28.8 11.659898853470244 8.914559935452951
0 29.0 11.707185706040704 8.7722084213269
0 29.2 11.754472558611164 8.629856907200848
0 29.4 11.801759411181624 8.487505393074796
0 29.6 11.849046263752085 8.345153878948745
0 29.8 11.896333116322545 8.202802364822693
0 30.0 11.943619968893005 8.060450850696641
0 30.2 11.990906821463465 7.91809933657059
0 30.4 12.038193674033925 7.775747822444538
0 30.6 12.085480526604385 7.633396308318487
0 30.8 12.132767379174846 7.491044794192435
0 31.0 12.180054231745306 7.348693280066383
0 31.2 12.227341084315766 7.206341765940332
0 31.4 12.274627936886226 7.06399025181428
0 31.6 12.321914789456686 6.9216387376882285
0 31.8 12.369201642027146 6.779287223562177
0 32.0 12.416488494597607 6.636935709436125
0 32.2 12.463775347168067 6.494584195310074
0 32.4 12.511062199738527 6.352232681184022
0 32.6 12.558349052308987 6.20988116705797
0 32.8 12.605635904879447 6.067529652931919
0 33.0 12.652922757449907 5.925178138805867
0 33.2 12.700209610020368 5.7828266246798155
0 33.4 12.747496462590828 5.640475110553764
0 33.6 12.794783315161288 5.498123596427712
0 33.8 12.842070167731748 5.355772082301661
0 34.0 12.889357020302208 5.213420568175609
0 34.2 12.936643872872668 5.071069054049557
0 34.4 12.983930725443129 4.928717539923506
0 34.6 13.031217578013589 4.786366025797454
0 34.8 13.078504430584049 4.6440145116714024
0 35.0 13.12579128315451 4.501662997545351
0 35.2 13.17307813572497 4.359311483419299
0 35.4 13.22036498829543 4.216959969293248
0 35.6 13.26765184086589 4.074608455167196
0 35.8 13.31493869343635 3.932256941041144
0 36.0 13.36222554600681 3.789905426915092
0 36.2 13.40951239857727 3.6475539127890397
0 36.4 13.45679925114773 3.5052023986629877
0 36.6 13.50408610371819 3.3628508845369356
0 36.8 13.55137295628865 3.2204993704108835
0 37.0 13.59865980885911 3.0781478562848315
0 37.2 13.645946661429571 2.9357963421587794
0 37.4 13.693233514000031 2.7934448280327273
0 37.6 13.740520366570491 2.6510933139066752
0 37.8 13.787807219140952 2.508741799780623
0 38.0 13.835094071711412 2.366390285654571
0 38.2 13.882380924281872 2.224038771528519
0 38.4 13.929667776852332 2.081687257402467
0 38.6 13.976954629422792 1.939335743276415
0 38.8 14.064583546939708 1.6755391822517884
0 39.0 13.929227629012432 1.7401826311237685
0 39.2 13.793871711085156 1.8048260799957485
0 39.4 13.65851579315788 1.8694695288677285
0 39.6 13.523159875230604 1.9341129777397086
0 39.8 13.387803957303328 1.9987564266116886
0 40.0 13.252448039376052 2.0633998754836687
0 40.2 13.117092121448776 2.1280433243556485
0 40.4 12.9817362035215 2.1926867732276283
0 40.6 12.846380285594224 2.257330222099608
0 40.8 12.711024367666948 2.321973670971588
0 41.0 12.575668449739672 2.3866171198435677
0 41.2 12.440312531812395 2.4512605687155475
0 41.4 12.30495661388512 2.5159040175875274
0 41.6 12.169600695957843 2.580547466459507
0 41.8 12.034244778030567 2.645190915331487
0 42.0 11.898888860103291 2.709834364203467
0 42.2 11.763532942176015 2.7744778130754466
0 42.4 11.628177024248739 2.8391212619474264
0 42.6 11.492821106321463 2.9037647108194062
0 42.8 11.357465188394187 2.968408159691386
0 43.0 11.22210927046691 3.033051608563366
0 43.2 11.086753352539635 3.0976950574353457
0 43.4 10.951397434612359 3.1623385063073255
0 43.6 10.816041516685083 3.2269819551793053
0 43.8 10.680685598757806 3.291625404051285
0 44.0 10.54532968083053 3.356268852923265
0 44.2 10.409973762903254 3.4209123017952447
0 44.4 10.274617844975978 3.4855557506672246
0 44.6 10.139261927048702 3.5501991995392044
0 44.8 10.003906009121426 3.614842648411184
0 45.0 9.86855009119415 3.679486097283164
0 45.2 9.733194173266874 3.744129546155144
0 45.4 9.597838255339598 3.8087729950271236
0 45.6 9.462482337412322 3.8734164438991034
0 45.8 9.327126419485046 3.9380598927710833
0 46.0 9.19177050155777 4.0027033416430635
0 46.2 9.056414583630493 4.067346790515043
0 46.4 8.921058665703217 4.131990239387023
0 46.6 8.785702747775941 4.196633688259003
0 46.8 8.650346829848665 4.261277137130983
0 47.0 8.51499091192139 4.325920586002963
0 47.2 8.379634993994113 4.390564034874942
0 47.4 8.244279076066837 4.455207483746922
0 47.6 8.10892315813956 4.519850932618902
0 47.8 7.973567240212284 4.584494381490882
0 48.0 7.838211322285007 4.649137830362862
0 48.2 7.70285540435773 4.7137812792348415
0 48.4 7.567499486430453 4.778424728106821
0 48.6 7.432143568503176 4.843068176978801
0 48.8 7.296787650575899 4.907711625850781
0 49.0 7.161431732648622 4.972355074722761
0 49.2 7.026075814721345 5.0369985235947405
0 49.4 6.890719896794068 5.10164197246672
0 49.6 6.755363978866791 5.1662854213387
0 49.8 6.620008060939514 5.23092887021068
0 50.0 6.484652143012237 5.29557231908266
0 50.2 6.34929622508496 5.36021576795464
0 50.4 6.213940307157683 5.424859216826619
0 50.6 6.078584389230406 5.489502665698599
0 50.8 5.943228471303129 5.554146114570579
0 51.0 5.807872553375852 5.618789563442559
0 51.2 5.672516635448575 5.683433012314539
0 51.4 5.5371607175212985 5.7480764611865185
0 51.6 5.4018047995940215 5.812719910058498
0 51.8 5.2664488816667445 5.877363358930478
0 52.0 5.1310929637394675 5.942006807802458
0 52.2 4.995737045812191 6.006650256674438
0 52.4 4.860381127884914 6.071293705546418
0 52.6 4.725025209957637 6.135937154418397
0 52.8 4.58966929203036 6.200580603290377
0 53.0 4.454313374103083 6.265224052162357
0 53.2 4.318957456175806 6.329867501034337
0 53.4 4.183601538248529 6.394510949906317
0 53.6 4.048245620321252 6.4591543987782964
0 53.8 3.912889702393975 6.523797847650276
0 54.0 3.777533784466698 6.588441296522256
0 54.2 3.642177866539421 6.653084745394236
0 54.4 3.506821948612144 6.717728194266216
0 54.6 3.371466030684867 6.7823716431381955
0 54.8 3.23611011275759 6.847015092010175
0 55.0 3.100754194830313 6.911658540882155
0 55.2 2.965398276903036 6.976301989754135
0 55.4 2.830042358975759 7.040945438626115
0 55.6 2.617088844788258 7.142648044742559
0 55.8 2.5703363572102895 7.000120135527305
0 56.0 2.523583869632321 6.85759222631205
0 56.2 2.476831382054353 6.715064317096796
0 56.4 2.4300788944763845 6.572536407881541
0 56.6 2.383326406898416 6.430008498666287
0 56.8 2.336573919320448 6.287480589451032
0 57.0 2.2898214317424794 6.144952680235778
0 57.2 2.243068944164511 6.002424771020523
0 57.4 2.1963164565865427 5.859896861805269
0 57.6 2.1495639690085744 5.717368952590014
0 57.8 2.102811481430606 5.57484104337476
0 58.0 2.0560589938526377 5.4323131341595055
0 58.2 2.0093065062746693 5.289785224944251
0 58.4 1.962554018696701 5.1472573157289965
0 58.6 1.9158015311187326 5.004729406513742
0 58.8 1.8690490435407643 4.8622014972984875
0 59.0 1.822296555962796 4.719673588083233
0 59.2 1.7755440683848276 4.5771456788679785
0 59.4 1.7287915808068592 4.434617769652724
0 59.6 1.682039093228891 4.2920898604374695
0 59.8 1.6352866056509225 4.149561951222215
0 60.0 1.5885341180729542 4.007034042006961
0 60.2 1.5417816304949858 3.8645061327917056
0 60.4 1.4950291429170175 3.7219782235764507
0 60.6 1.4482766553390491 3.5794503143611958
0 60.8 1.3822793706967929 3.378253426639264
0 61.0 1.531855078948664 3.3895276228833913
0 61.2 1.6814307872005352 3.4008018191275187
0 61.4 1.8310064954524063 3.412076015371646
0 61.6 1.9805822037042775 3.4233502116157735
0 61.8 2.130157911956149 3.434624407859901
0 62.0 2.2797336202080203 3.4458986041040283
0 62.2 2.4293093284598917 3.4571728003481557
0 62.4 2.578885036711763 3.468446996592283
0 62.6 2.7284607449636344 3.4797211928364105
0 62.8 2.878036453215506 3.490995389080538
0 63.0 3.027612161467377 3.5022695853246653
0 63.2 3.1771878697192486 3.5135437815687927
0 63.4 3.32676357797112 3.52481797781292
0 63.6 3.4763392862229914 3.5360921740570475
0 63.8 3.6259149944748628 3.547366370301175
0 64.0 3.775490702726734 3.5586405665453023
0 64.2 3.9250664109786055 3.5699147627894297
0 64.4 4.074642119230477 3.581188959033557
0 64.6 4.224217827482348 3.5924631552776845
0 64.8 4.373793535734219 3.603737351521812
0 65.0 4.52336924398609 3.6150115477659392
0 65.2 4.672944952237961 3.6262857440100666
0 65.4 4.822520660489832 3.637559940254194
0 65.6 4.972096368741703 3.6488341364983214
0 65.8 5.1216720769935735 3.660108332742449
0 66.0 5.2712477852454445 3.6713825289865762
0 66.2 5.420823493497315 3.6826567252307036
0 66.4 5.570399201749186 3.693930921474831
0 66.6 5.719974910001057 3.7052051177189584
0 66.8 5.869550618252928 3.716479313963086
0 67.0 6.019126326504799 3.7277535102072132
0 67.2 6.16870203475667 3.7390277064513406
0 67.4 6.318277743008541 3.750301902695468
0 67.6 6.467853451260412 3.7615760989395954
0 67.8 6.617429159512283 3.772850295183723
0 68.0 6.767004867764154 3.7841244914278502
0 68.2 6.916580576016025 3.7953986876719776
0 68.4 7.066156284267896 3.806672883916105
0 68.6 7.215731992519767 3.8179470801602324
0 68.8 7.365307700771638 3.82922127640436
0 69.0 7.514883409023509 3.8404954726484872
0 69.2 7.6644591172753795 3.8517696688926146
0 69.4 7.8140348255272505 3.863043865136742
0 69.6 7.963610533779121 3.8743180613808694
0 69.8 8.113186242030993 3.885592257624997
0 70.0 8.262761950282865 3.8968664538691242
0 70.2 8.412337658534737 3.9081406501132516
0 70.4 8.561913366786609 3.919414846357379
0 70.6 8.71148907503848 3.9306890426015064
0 70.8 8.861064783290352 3.941963238845634
0 71.0 9.010640491542224 3.953237435089761
0 71.2 9.160216199794096 3.9645116313338886
0 71.4 9.309791908045968 3.975785827578016
0 71.6 9.45936761629784 3.9870600238221434
0 71.8 9.608943324549712 3.998334220066271
0 72.0 9.758519032801583 4.009608416310398
0 72.2 9.908094741053455 4.020882612554525
0 72.4 10.071896501626114 4.033229090571657
0 72.6 9.934100647546837 3.973964408014821
0 72.8 9.79630479346756 3.914699725457985
0 73.0 9.658508939388282 3.855435042901149
0 73.2 9.520713085309005 3.7961703603443127
0 73.4 9.382917231229728 3.7369056777874765
0 73.6 9.24512137715045 3.6776409952306404
0 73.8 9.107325523071173 3.618376312673804
0 74.0 8.969529668991896 3.559111630116968
0 74.2 8.831733814912619 3.499846947560132
0 74.4 8.693937960833342 3.440582265003296
0 74.6 8.556142106754065 3.3813175824464596
0 74.8 8.418346252674787 3.3220528998896235
0 75.0 8.28055039859551 3.2627882173327873
0 75.2 8.142754544516233 3.203523534775951
0 75.4 8.004958690436956 3.144258852219115
0 75.6 7.867162836357679 3.084994169662279
0 75.8 7.7293669822784015 3.0257294871054428
0 76.0 7.591571128199124 2.9664648045486066
0 76.2 7.453775274119847 2.9072001219917705
0 76.4 7.31597942004057 2.8479354394349343
0 76.6 7.178183565961293 2.788670756878098
0 76.8 7.0403877118820155 2.729406074321262
0 77.0 6.902591857802738 2.670141391764426
0 77.2 6.764796003723461 2.6108767092075897
0 77.4 6.627000149644184 2.5516120266507536
0 77.6 6.489204295564907 2.4923473440939174
0 77.8 6.3514084414856296 2.4330826615370813
0 78.0 6.213612587406352 2.373817978980245
0 78.2 6.075816733327075 2.314553296423409
0 78.4 5.938020879247798 2.255288613866573
0 78.6 5.800225025168521 2.1960239313097367
0 78.8 5.662429171089244 2.1367592487529006
0 79.0 5.524633317009966 2.0774945661960644
0 79.2 5.386837462930689 2.0182298836392283
0 79.4 5.249041608851412 1.9589652010823921
0 79.6 5.111245754772135 1.899700518525556
0 79.8 4.973449900692858 1.8404358359687198
0 80.0 4.8356540466135804 1.7811711534118837
0 80.2 4.697858192534303 1.7219064708550476
0 80.4 4.560062338455026 1.6626417882982114
0 80.6 4.422266484375749 1.6033771057413753
0 80.8 4.284470630296472 1.5441124231845391
0 81.0 4.1466747762171945 1.484847740627703
0 81.2 4.008878922137917 1.4255830580708668
0 81.4 3.87108306805864 1.3663183755140307
0 81.6 3.733287213979363 1.3070536929571945
0 81.8 3.5954913599000857 1.2477890104003584
0 82.0 3.4576955058208085 1.1885243278435222
0 82.2 3.3198996517415313 1.129259645286686
0 82.4 3.182103797662254 1.06999496272985
0 82.6 3.044307943582977 1.0107302801730138
0 82.8 2.9065120895036998 0.9514655976161775
0 83.0 2.7687162354244226 0.8922009150593413
0 83.2 2.6309203813451454 0.832936232502505
0 83.4 2.493124527265868 0.7736715499456688
0 83.6 2.355328673186591 0.7144068673888325
0 83.8 2.217532819107314 0.6551421848319963
0 84.0 2.0797369650280366 0.59587750227516
0 84.2 1.9419411109487594 0.5366128197183238
0 84.4 1.6867211323877407 0.4268451412010843
0 84.6 1.775499682777172 0.5477515884681807
0 84.8 1.8642782331666035 0.6686580357352772
0 85.0 1.9530567835560348 0.7895644830023736
0 85.2 2.0418353339454662 0.91047093026947
0 85.4 2.1306138843348976 1.0313773775365664
0 85.6 2.219392434724329 1.1522838248036629
0 85.8 2.3081709851137604 1.2731902720707593
0 86.0 2.396949535503192 1.3940967193378557
0 86.2 2.485728085892623 1.5150031666049522
0 86.4 2.5745066362820546 1.6359096138720486
0 86.6 2.663285186671486 1.756816061139145
0 86.8 2.7520637370609173 1.8777225084062414
0 87.0 2.8408422874503487 1.9986289556733379
0 87.2 2.92962083783978 2.1195354029404343
0 87.4 3.0183993882292115 2.2404418502075307
0 87.6 3.107177938618643 2.361348297474627
0 87.8 3.1959564890080743 2.4822547447417236
0 88.0 3.2847350393975057 2.60316119200882
0 88.2 3.373513589786937 2.7240676392759164
0 88.4 3.4622921401763684 2.844974086543013
0 88.6 3.5510706905658 2.9658805338101093
0 88.8 3.639849240955231 3.0867869810772057
0 89.0 3.7286277913446626 3.207693428344302
0 89.2 3.817406341734094 3.3285998756113986
0 89.4 3.9061848921235254 3.449506322878495
0 89.6 3.9949634425129568 3.5704127701455914
0 89.8 4.083741992902389 3.691319217412688
0 90.0 4.17252054329182 3.8122256646797843
0 90.2 4.261299093681251 3.9331321119468807
0 90.4 4.350077644070683 4.054038559213977
0 90.6 4.438856194460114 4.174945006481073
0 90.8 4.5276347448495455 4.295851453748169
0 91.0 4.616413295238977 4.416757901015265
0 91.2 4.705191845628408 4.537664348282361
0 91.4 4.79397039601784 4.658570795549457
0 91.6 4.882748946407271 4.779477242816553
0 91.8 4.9715274967967025 4.900383690083649
0 92.0 5.060306047186134 5.021290137350745
0 92.2 5.149084597575565 5.142196584617841
0 92.4 5.237863147964997 5.2631030318849366
0 92.6 5.326641698354428 5.3840094791520325
0 92.8 5.415420248743859 5.5049159264191285
0 93.0 5.504198799133291 5.6258223736862245
0 93.2 5.592977349522722 5.7467288209533205
0 93.4 5.681755899912154 5.8676352682204165
0 93.6 5.770534450301585 5.9885417154875125
0 93.8 5.859313000691016 6.1094481627546084
0 94.0 5.948091551080448 6.230354610021704
0 94.2 6.036870101469879 6.3512610572888
0 94.4 6.1256486518593105 6.472167504555896
0 94.6 6.214427202248742 6.593073951822992
0 94.8 6.303205752638173 6.713980399090088
0 95.0 6.399702929614104 6.845398751702132
0 95.2 6.3935584670906636 6.695524652604596
0 95.4 6.387414004567223 6.54565055350706
0 95.6 6.381269542043782 6.395776454409524
0 95.8 6.375125079520341 6.245902355311988
0 96.0 6.3689806169969 6.096028256214452
0 96.2 6.3628361544734595 5.946154157116916
0 96.4 6.356691691950019 5.79628005801938
0 96.6 6.350547229426578 5.646405958921844
0 96.8 6.344402766903137 5.496531859824308
0 97.0 6.338258304379696 5.346657760726772
0 97.2 6.3321138418562555 5.196783661629236
0 97.4 6.325969379332815 5.0469095625317
0 97.6 6.319824916809374 4.897035463434164
0 97.8 6.313680454285933 4.747161364336628
0 98.0 6.307535991762492 4.597287265239092
0 98.2 6.301391529239051 4.447413166141556
0 98.4 6.295247066715611 4.29753906704402
0 98.6 6.28910260419217 4.147664967946484
0 98.8 6.282958141668729 3.9977908688489476
0 99.0 6.276813679145288 3.8479167697514116
0 99.2 6.270669216621847 3.6980426706538756
0 99.4 6.264524754098407 3.5481685715563396
0 99.6 6.258380291574966 3.3982944724588036
0 99.8 6.252235829051525 3.2484203733612675
0 100.0 6.246091366528084 3.0985462742637315
0 100.2 6.239946904004643 2.9486721751661955
0 100.4 6.2338024414812025 2.7987980760686595
0 100.6 6.227657978957762 2.6489239769711235
0 100.8 6.221513516434321 2.4990498778735875
0 101.0 6.21536905391088 2.3491757787760514
0 101.2 6.209224591387439 2.1993016796785154
0 101.4 6.2030801288639985 2.0494275805809794
0 101.6 6.196935666340558 1.8995534814834434
0 101.8 6.190791203817117 1.7496793823859074
0 102.0 6.184646741293676 1.5998052832883713
0 102.2 6.178502278770235 1.4499311841908353
0 102.4 6.1723578162467945 1.3000570850932993
0 102.6 6.166213353723354 1.1501829859957633
0 102.8 6.160068891199913 1.0003088868982273
0 103.0 6.153924428676472 0.8504347878006913
0 103.2 6.147779966153031 0.7005606887031552
0 103.4 6.14163550362959 0.5506865896056192
0 103.6 6.13549104110615 0.40081249050808326
0 103.8 6.129346578582709 0.2509383914105473
0 104.0 6.121114629752773 0.050146880355812495
0 104.2 6.192772368678924 0.1819238451561582
0 104.4 6.264430107605076 0.3137008099565039
0 104.6 6.336087846531227 0.4454777747568496
0 104.8 6.407745585457379 0.5772547395571953
0 105.0 6.47940332438353 0.709031704357541
0 105.2 6.551061063309682 0.8408086691578868
0 105.4 6.622718802235833 0.9725856339582325
0 105.6 6.694376541161985 1.1043625987585781
0 105.8 6.766034280088136 1.2361395635589238
0 106.0 6.837692019014288 1.3679165283592696
0 106.2 6.909349757940439 1.4996934931596153
0 106.4 6.9810074968665905 1.631470457959961
0 106.6 7.052665235792742 1.7632474227603068
0 106.8 7.124322974718893 1.8950243875606525
0 107.0 7.195980713645045 2.026801352360998
0 107.2 7.267638452571196 2.1585783171613437
0 107.4 7.339296191497348 2.2903552819616895
0 107.6 7.410953930423499 2.422132246762035
0 107.8 7.482611669349651 2.553909211562381
0 108.0 7.554269408275802 2.6856861763627267
0 108.2 7.625927147201954 2.8174631411630724
0 108.4 7.697584886128105 2.949240105963418
0 108.6 7.769242625054257 3.081017070763764
0 108.8 7.840900363980408 3.2127940355641096
0 109.0 7.9125581029065595 3.3445710003644553
0 109.2 7.984215841832711 3.476347965164801
0 109.4 8.055873580758862 3.6081249299651468
0 109.6 8.127531319685012 3.7399018947654925
0 109.8 8.199189058611163 3.8716788595658382
0 110.0 8.270846797537313 4.003455824366184
0 110.2 8.342504536463464 4.13523278916653
0 110.4 8.414162275389614 4.267009753966875
0 110.6 8.485820014315765 4.398786718767221
0 110.8 8.557477753241916 4.530563683567567
0 111.0 8.629135492168066 4.662340648367913
0 111.2 8.700793231094217 4.794117613168258
0 111.4 8.772450970020367 4.925894577968604
0 111.6 8.844108708946518 5.05767154276895
0 111.8 8.915766447872668 5.1894485075692955
0 112.0 8.987424186798819 5.321225472369641
0 112.2 9.05908192572497 5.453002437169987
0 112.4 9.13073966465112 5.584779401970333
0 112.6 9.20239740357727 5.7165563667706785
0 112.8 9.274055142503421 5.848333331571024
0 113.0 9.345712881429572 5.98011029637137
0 113.2 9.417370620355722 6.111887261171716
0 113.4 9.489028359281873 6.243664225972061
0 113.6 9.560686098208024 6.375441190772407
0 113.8 9.632343837134174 6.507218155572753
0 114.0 9.704001576060325 6.638995120373099
0 114.2 9.775659314986475 6.770772085173444
0 114.4 9.847317053912626 6.90254904997379
0 114.6 9.918974792838776 7.034326014774136
0 114.8 9.990632531764927 7.1661029795744815
0 115.0 10.062290270691078 7.297879944374827
0 115.2 10.133948009617228 7.429656909175173
0 115.4 10.205605748543379 7.561433873975519
0 115.6 10.27726348746953 7.693210838775864
0 115.8 10.34892122639568 7.82498780357621
0 116.0 10.42057896532183 7.956764768376556
0 116.2 10.492236704247981 8.088541733176902
0 116.4 10.563894443174132 8.220318697977246
0 116.6 10.635552182100282 8.352095662777591
0 116.8 10.707209921026433 8.483872627577936
0 117.0 10.778867659952583 8.615649592378281
0 117.2 10.850525398878734 8.747426557178626
0 117.4 10.922183137804884 8.87920352197897
0 117.6 10.993840876731035 9.010980486779316
0 117.8 11.065498615657186 9.14275745157966
0 118.0 11.137156354583336 9.274534416380005
0 118.2 11.208814093509487 9.40631138118035
0 118.4 11.280471832435637 9.538088345980695
0 118.6 11.352129571361788 9.66986531078104
0 118.8 11.423787310287938 9.801642275581385
0 119.0 11.495445049214089 9.93341924038173
0 119.2 11.56710278814024 10.065196205182074
0 119.4 11.63876052706639 10.196973169982419
0 119.6 11.71041826599254 10.328750134782764
0 119.8 11.782076004918691 10.460527099583109
0 120.0 11.853733743844842 10.592304064383454
0 120.2 11.925391482770992 10.724081029183798
0 120.4 11.997049221697143 10.855857993984143
0 120.6 12.068706960623294 10.987634958784488
0 120.8 12.140364699549444 11.119411923584833
0 121.0 12.212022438475595 11.251188888385178
0 121.2 12.283680177401745 11.382965853185523
0 121.4 12.355337916327896 11.514742817985868
0 121.6 12.426995655254046 11.646519782786212
0 121.8 12.498653394180197 11.778296747586557
0 122.0 12.570311133106348 11.910073712386902
0 122.2 12.641968872032498 12.041850677187247
0 122.4 12.713626610958649 12.173627641987592
0 122.6 12.7852843498848 12.305404606787937
0 122.8 12.85694208881095 12.437181571588281
0 123.0 12.9285998277371 12.568958536388626
0 123.2 13.000257566663251 12.700735501188971
0 123.4 13.071915305589402 12.832512465989316
0 123.6 13.143573044515552 12.96428943078966
0 123.8 13.215230783441703 13.096066395590006
0 124.0 13.286888522367853 13.22784336039035
0 124.2 13.358546261294004 13.359620325190695
0 124.4 13.430204000220154 13.49139728999104
0 124.6 13.501861739146305 13.623174254791385
0 124.8 13.573519478072456 13.75495121959173
0 125.0 13.645177216998606 13.886728184392075
0 125.2 13.716834955924757 14.01850514919242
0 125.4 13.793794881474813 14.160032715540758
0 125.6 13.777111278911494 14.010963411505658
0 125.8 13.760427676348176 13.861894107470558
0 126.0 13.743744073784857 13.712824803435458
0 126.2 13.727060471221538 13.563755499400358
0 126.4 13.71037686865822 13.414686195365258
0 126.6 13.6936932660949 13.265616891330158
0 126.8 13.677009663531582 13.116547587295058
0 127.0 13.660326060968263 12.967478283259958
0 127.2 13.643642458404944 12.818408979224857
0 127.4 13.626958855841625 12.669339675189757
0 127.6 13.610275253278306 12.520270371154657
0 127.8 13.593591650714988 12.371201067119557
0 128.0 13.576908048151669 12.222131763084457
0 128.2 13.56022444558835 12.073062459049357
0 128.4 13.543540843025031 11.923993155014257
0 128.6 13.526857240461712 11.774923850979157
0 128.8 13.510173637898394 11.625854546944057
0 129.0 13.493490035335075 11.476785242908957
0 129.2 13.476806432771756 11.327715938873856
0 129.4 13.460122830208437 11.178646634838756
0 129.6 13.443439227645118 11.029577330803656
0 129.8 13.4267556250818 10.880508026768556
0 130.0 13.41007202251848 10.731438722733456
0 130.2 13.393388419955162 10.582369418698356
0 130.4 13.376704817391843 10.433300114663256
0 130.6 13.360021214828524 10.284230810628156
0 130.8 13.343337612265206 10.135161506593056
0 131.0 13.326654009701887 9.986092202557955
0 131.2 13.309970407138568 9.837022898522855
0 131.4 13.29328680457525 9.687953594487755
0 131.6 13.27660320201193 9.538884290452655
0 131.8 13.259919599448612 9.389814986417555
0 132.0 13.243235996885293 9.240745682382455
0 132.2 13.226552394321974 9.091676378347355
0 132.4 13.209868791758655 8.942607074312255
0 132.6 13.193185189195336 8.793537770277155
0 132.8 13.176501586632018 8.644468466242055
0 133.0 13.159817984068699 8.495399162206954
0 133.2 13.14313438150538 8.346329858171854
0 133.4 13.126450778942061 8.197260554136754
0 133.6 13.109767176378742 8.048191250101654
0 133.8 13.093083573815424 7.899121946066554
0 134.0 13.076399971252105 7.750052642031454
0 134.2 13.059716368688786 7.600983337996354
0 134.4 13.043032766125467 7.451914033961254
0 134.6 13.026349163562148 7.302844729926154
0 134.8 13.00966556099883 7.1537754258910535
0 135.0 12.99298195843551 7.004706121855953
0 135.2 12.976298355872192 6.855636817820853
0 135.4 12.959614753308873 6.706567513785753
0 135.6 12.942931150745554 6.557498209750653
0 135.8 12.926247548182236 6.408428905715553
0 136.0 12.909563945618917 6.259359601680453
0 136.2 12.892880343055598 6.110290297645353
0 136.4 12.87619674049228 5.961220993610253
0 136.6 12.85951313792896 5.812151689575153
0 136.8 12.842829535365642 5.6630823855400525
0 137.0 12.826145932802323 5.514013081504952
0 137.2 12.809462330239004 5.364943777469852
0 137.4 12.792778727675685 5.215874473434752
0 137.6 12.776095125112366 5.066805169399652
0 137.8 12.759411522549048 4.917735865364552
0 138.0 12.742727919985729 4.768666561329452
0 138.2 12.72604431742241 4.619597257294352
0 138.4 12.709360714859091 4.470527953259252
0 138.6 12.692677112295772 4.321458649224152
0 138.8 12.675993509732454 4.1723893451890515
0 139.0 12.659309907169135 4.023320041153951
0 139.2 12.642626304605816 3.874250737118851
0 139.4 12.625942702042497 3.7251814330837503
0 139.6 12.609259099479178 3.5761121290486497
0 139.8 12.59257549691586 3.427042825013549
0 140.0 12.57589189435254 3.2779735209784486
0 140.2 12.559208291789222 3.128904216943348
0 140.4 12.542524689225903 2.9798349129082475
0 140.6 12.525841086662584 2.830765608873147
0 140.8 12.509157484099266 2.6816963048380464
0 141.0 12.479226210243493 2.41425801351981
0 141.2 12.338094255829704 2.4650691485528364
0 141.4 12.196962301415915 2.515880283585863
0 141.6 12.055830347002127 2.5666914186188894
0 141.8 11.914698392588338 2.617502553651916
0 142.0 11.77356643817455 2.6683136886849423
0 142.2 11.632434483760761 2.719124823717969
0 142.4 11.491302529346973 2.7699359587509953
0 142.6 11.350170574933184 2.8207470937840218
0 142.8 11.209038620519395 2.8715582288170483
0 143.0 11.067906666105607 2.9223693638500747
0 143.2 10.926774711691818 2.973180498883101
0 143.4 10.78564275727803 3.0239916339161277
0 143.6 10.644510802864241 3.074802768949154
0 143.8 10.503378848450453 3.1256139039821806
0 144.0 10.362246894036664 3.176425039015207
0 144.2 10.221114939622876 3.2272361740482336
0 144.4 10.079982985209087 3.27804730908126
0 144.6 9.938851030795298 3.3288584441142866
0 144.8 9.79771907638151 3.379669579147313
0 145.0 9.656587121967721 3.4304807141803395
0 145.2 9.515455167553933 3.481291849213366
0 145.4 9.374323213140144 3.5321029842463925
0 145.6 9.233191258726356 3.582914119279419
0 145.8 9.092059304312567 3.6337252543124454
0 146.0 8.950927349898778 3.684536389345472
0 146.2 8.80979539548499 3.7353475243784984
0 146.4 8.668663441071201 3.786158659411525
0 146.6 8.527531486657413 3.8369697944445513
0 146.8 8.386399532243624 3.887780929477578
0 147.0 8.245267577829836 3.9385920645106043
0 147.2 8.104135623416047 3.9894031995436308
0 147.4 7.963003669002259 4.040214334576658
0 147.6 7.821871714588472 4.091025469609685
0 147.8 7.680739760174684 4.1418366046427115
0 148.0 7.539607805760896 4.1926477396757384
0 148.2 7.398475851347109 4.243458874708765
0 148.4 7.257343896933321 4.294270009741792
0 148.6 7.116211942519533 4.345081144774819
0 148.8 6.975079988105746 4.395892279807846
0 149.0 6.833948033691958 4.446703414840873
0 149.2 6.69281607927817 4.4975145498739
0 149.4 6.551684124864383 4.548325684906927
0 149.6 6.410552170450595 4.599136819939954
0 149.8 6.269420216036807 4.649947954972981
0 150.0 6.12828826162302 4.700759090006008
0 150.2 5.987156307209232 4.751570225039035
0 150.4 5.846024352795444 4.8023813600720615
0 150.6 5.704892398381657 4.853192495105088
0 150.8 5.563760443967869 4.904003630138115
0 151.0 5.422628489554081 4.954814765171142
0 151.2 5.281496535140294 5.005625900204169
0 151.4 5.140364580726506 5.056437035237196
0 151.6 4.999232626312718 5.107248170270223
0 151.8 4.858100671898931 5.15805930530325
0 152.0 4.716968717485143 5.208870440336277
0 152.2 4.575836763071355 5.259681575369304
0 152.4 4.4347048086575676 5.310492710402331
0 152.6 4.29357285424378 5.361303845435358
0 152.8 4.152440899829992 5.412114980468385
0 153.0 3.8883927353684222 5.507179113856228
0 153.2 3.8467675915573962 5.651287917899254
0 153.4 3.8051424477463702 5.79539672194228
0 153.6 3.7635173039353442 5.9395055259853065
0 153.8 3.7218921601243182 6.0836143300283325
0 154.0 3.6802670163132922 6.227723134071359
0 154.2 3.6386418725022662 6.371831938114385
0 154.4 3.5970167286912402 6.515940742157411
0 154.6 3.5553915848802142 6.660049546200437
0 154.8 3.5137664410691882 6.804158350243463
0 155.0 3.4721412972581622 6.948267154286489
0 155.2 3.4305161534471362 7.092375958329515
0 155.4 3.3888910096361102 7.236484762372541
0 155.6 3.3472658658250842 7.380593566415567
0 155.8 3.3056407220140582 7.524702370458593
0 156.0 3.2640155782030322 7.668811174501619
0 156.2 3.2223904343920062 7.812919978544645
0 156.4 3.1807652905809802 7.957028782587671
0 156.6 3.1391401467699542 8.101137586630697
0 156.8 3.0975150029589282 8.245246390673724
0 157.0 3.0558898591479022 8.389355194716751
0 157.2 3.0142647153368762 8.533463998759778
0 157.4 2.9726395715258502 8.677572802802805
0 157.6 2.9310144277148242 8.821681606845832
0 157.8 2.8893892839037982 8.965790410888859
0 158.0 2.8477641400927722 9.109899214931886
0 158.2 2.8061389962817462 9.254008018974913
0 158.4 2.7645138524707202 9.39811682301794
0 158.6 2.7228887086596942 9.542225627060967
0 158.8 2.6812635648486682 9.686334431103994
0 159.0 2.6396384210376422 9.83044323514702
0 159.2 2.5980132772266162 9.974552039190048
0 159.4 2.5563881334155902 10.118660843233075
0 159.6 2.5147629896045642 10.262769647276102
0 159.8 2.4731378457935382 10.406878451319129
