2 0 6.91892378526 13.7395882878
3 0 3.84594162348 3.90929623597
4 0 19.6324883001 2.03341445695
5 0 13.7100022573 5.82181019712
6 0 5.97574823204 10.841544127
7 0 1.39874185748 1.98168114239
8 0 16.31157534695 18.3733674153
9 0 9.48411387241 16.2054504008
10 0 3.89853538203 16.7645322219
11 0 2.08055381313 6.88569808568
12 0 0.556335713214 7.84859424962
13 0 17.1567002579 5.04746541232
14 0 17.1574914071 12.2635880277
15 0 8.25505110793 5.02276405748
16 0 4.22652554768 0.258016787308
17 0 18.054335677 0.858772218006
18 0 16.2320238741 0.303569236151
19 0 1.06421182664 13.0563734698
20 0 11.8062202608 2.04192887999
21 0 11.2751834165 19.1401478906
22 0 7.21148561731 11.4802931204
23 0 16.0810280995 1.99822246427
24 0 14.6412004257 11.1708722467
25 0 11.5966341182 13.63288939802
26 0 10.642303383 6.26290588702
1 0 10 10
0 0.0 19.35458817132714 17.506839411313727
0 0.2 19.527771283243577 17.037789723384037
0 0.4 19.700954395160014 16.568740035454347
0 0.6 19.903439014392482 16.02033005245684
0 0.8 19.514047354638638 15.70668353914265
0 1.0 19.124655694884794 15.393037025828463
0 1.2 18.73526403513095 15.079390512514275
0 1.4 18.345872375377105 14.765743999200087
0 1.6 17.95648071562326 14.452097485885899
0 1.8 17.567089055869417 14.138450972571711
0 2.0 17.177697396115573 13.824804459257523
0 2.2 16.78830573636173 13.511157945943335
0 2.4 16.398914076607884 13.197511432629147
0 2.6 16.00952241685404 12.88386491931496
0 2.8 15.620130757100197 12.570218406000771
0 3.0 15.230739097346355 12.256571892686583
0 3.2 14.841347437592512 11.942925379372396
0 3.4 14.45195577783867 11.629278866058208
0 3.6 14.062564118084827 11.31563235274402
0 3.8 13.673172458330985 11.001985839429832
0 4.0 13.283780798577142 10.688339326115644
0 4.2 12.8943891388233 10.374692812801456
0 4.4 12.504997479069457 10.061046299487268
0 4.6 12.115605819315615 9.74739978617308
0 4.8 11.726214159561772 9.433753272858892
0 5.0 11.33682249980793 9.120106759544704
0 5.2 10.947430840054087 8.806460246230516
0 5.4 10.558039180300245 8.492813732916328
0 5.6 9.910970824829679 7.971614245239591
0 5.8 10.348243541762319 7.729142450949311
0 6.0 10.785516258694958 7.486670656659031
0 6.2 11.222788975627598 7.244198862368751
0 6.4 11.660061692560237 7.001727068078472
0 6.6 12.097334409492877 6.759255273788192
0 6.8 12.534607126425517 6.516783479497912
0 7.0 12.971879843358156 6.274311685207632
0 7.2 13.409152560290796 6.031839890917352
0 7.4 13.846425277223435 5.789368096627072
0 7.6 14.283697994156075 5.546896302336792
0 7.8 14.720970711088714 5.304424508046512
0 8.0 15.158243428021354 5.061952713756233
0 8.2 15.595516144953994 4.819480919465953
0 8.4 16.032788861886633 4.577009125175673
0 8.6 16.470061578819273 4.334537330885393
0 8.8 16.907334295751912 4.092065536595113
0 9.0 17.344607012684552 3.8495937423048328
0 9.2 17.78187972961719 3.6071219480145524
0 9.4 18.611999560451814 3.1468127700938453
0 9.6 18.448444425404233 3.619305857661873
0 9.8 18.284889290356652 4.0917989452299
0 10.0 18.12133415530907 4.564292032797928
0 10.2 17.95777902026149 5.0367851203659555
0 10.4 17.79422388521391 5.509278207933983
0 10.6 17.63066875016633 5.981771295502011
0 10.8 17.46711361511875 6.454264383070038
0 11.0 17.303558480071167 6.926757470638066
0 11.2 17.140003345023587 7.399250558206093
0 11.4 16.976448209976006 7.871743645774121
0 11.6 16.812893074928425 8.344236733342148
0 11.8 16.649337939880844 8.816729820910176
0 12.0 16.485782804833264 9.289222908478203
0 12.2 16.322227669785683 9.761715996046231
0 12.4 16.158672534738102 10.234209083614259
0 12.6 15.995117399690521 10.706702171182286
0 12.8 15.83156226464294 11.179195258750314
0 13.0 15.66800712959536 11.651688346318341
0 13.2 15.504451994547779 12.124181433886369
0 13.4 15.267234531546144 12.809477016235991
0 13.6 15.445769389717785 13.276515884444658
0 13.8 15.624304247889427 13.743554752653324
0 14.0 15.802839106061068 14.21059362086199
0 14.2 15.98137396423271 14.677632489070657
0 14.4 16.15990882240435 15.144671357279323
0 14.6 16.338443680575992 15.61171022548799
0 14.8 16.516978538747633 16.078749093696654
0 15.0 16.695513396919274 16.54578796190532
0 15.2 16.941890411386133 17.19029874914107
0 15.4 16.91504792790414 16.691019787957526
0 15.6 16.888205444422148 16.19174082677398
0 15.8 16.861362960940156 15.692461865590436
0 16.0 16.834520477458163 15.193182904406893
0 16.2 16.80767799397617 14.693903943223349
0 16.4 16.780835510494178 14.194624982039805
0 16.6 16.753993027012186 13.695346020856261
0 16.8 16.727150543530193 13.196067059672718
0 17.0 16.7003080600482 12.696788098489174
0 17.2 16.67346557656621 12.19750913730563
0 17.4 16.646623093084216 11.698230176122086
0 17.6 16.619780609602223 11.198951214938543
0 17.8 16.59293812612023 10.699672253754999
0 18.0 16.56609564263824 10.200393292571455
0 18.2 16.539253159156246 9.701114331387911
0 18.4 16.512410675674253 9.201835370204368
0 18.6 16.48556819219226 8.702556409020824
0 18.8 16.45872570871027 8.20327744783728
0 19.0 16.431883225228276 7.703998486653736
0 19.2 16.405040741746284 7.204719525470193
0 19.4 16.37819825826429 6.705440564286649
0 19.6 16.3513557747823 6.206161603103105
0 19.8 16.324513291300306 5.706882641919561
0 20.0 16.297670807818314 5.2076036807360175
0 20.2 16.27082832433632 4.708324719552474
0 20.4 16.24398584085433 4.20904575836893
0 20.6 16.217143357372336 3.709766797185386
0 20.8 16.190300873890344 3.2104878360018416
0 21.0 16.16345839040835 2.7112088748182974
0 21.2 16.13661590692636 2.211929913634753
0 21.4 16.109773423444366 1.712650952451209
0 21.6 16.062503090253056 0.8334073136721565
0 21.8 15.564693123259186 0.8801538297087786
0 22.0 15.066883156265316 0.9269003457454008
0 22.2 14.569073189271446 0.973646861782023
0 22.4 14.071263222277576 1.0203933778186451
0 22.6 13.573453255283706 1.0671398938552674
0 22.8 13.075643288289836 1.1138864098918897
0 23.0 12.577833321295966 1.160632925928512
0 23.2 12.080023354302096 1.2073794419651342
0 23.4 11.582213387308226 1.2541259580017565
0 23.6 11.084403420314356 1.3008724740383788
0 23.8 10.586593453320486 1.347618990075001
0 24.0 10.088783486326616 1.3943655061116234
0 24.2 9.590973519332746 1.4411120221482456
0 24.4 9.093163552338876 1.487858538184868
0 24.6 8.595353585345006 1.5346050542214902
0 24.8 8.097543618351136 1.5813515702581125
0 25.0 7.5997336513572655 1.6280980862947347
0 25.2 7.1019236843633955 1.674844602331357
0 25.4 6.6041137173695255 1.7215911183679793
0 25.6 6.106303750375655 1.7683376344046016
0 25.8 5.608493783381785 1.8150841504412238
0 26.0 5.110683816387915 1.8618306664778461
0 26.2 4.5026950731623945 1.9189234476989725
0 26.4 4.9955612068755455 2.003083855484645
0 26.6 5.4884273405886965 2.0872442632703176
0 26.8 5.9812934743018475 2.17140467105599
0 27.0 6.474159608014999 2.255565078841663
0 27.2 6.96702574172815 2.3397254866273354
0 27.4 7.459891875441301 2.423885894413008
0 27.6 7.952758009154452 2.5080463021986805
0 27.8 8.445624142867603 2.592206709984353
0 28.0 8.938490276580753 2.6763671177700257
0 28.2 9.431356410293903 2.7605275255556982
0 28.4 9.924222544007053 2.844687933341371
0 28.6 10.417088677720203 2.9288483411270434
0 28.8 10.909954811433353 3.013008748912716
0 29.0 11.402820945146503 3.0971691566983885
0 29.2 11.895687078859654 3.181329564484061
0 29.4 12.388553212572804 3.2654899722697337
0 29.6 12.881419346285954 3.3496503800554063
0 29.8 13.374285479999104 3.433810787841079
0 30.0 13.867151613712254 3.5179711956267514
0 30.2 14.360017747425404 3.602131603412424
0 30.4 14.852883881138554 3.6862920111980966
0 30.6 15.345750014851705 3.770452418983769
0 30.8 15.838616148564855 3.8546128267694417
0 31.0 16.331482282278007 3.9387732345551143
0 31.2 16.824348415991157 4.022933642340787
0 31.4 17.317214549704307 4.1070940501264595
0 31.6 17.810080683417457 4.191254457912132
0 31.8 18.742169763435193 4.350415316614022
0 32.0 18.24399905729577 4.393146424071573
0 32.2 17.745828351156348 4.435877531529124
0 32.4 17.247657645016925 4.4786086389866755
0 32.6 16.749486938877503 4.521339746444227
0 32.8 16.25131623273808 4.564070853901778
0 33.0 15.753145526598658 4.606801961359329
0 33.2 15.254974820459235 4.64953306881688
0 33.4 14.756804114319813 4.692264176274431
0 33.6 14.25863340818039 4.734995283731982
0 33.8 13.760462702040968 4.777726391189534
0 34.0 13.262291995901546 4.820457498647085
0 34.2 12.764121289762123 4.863188606104636
0 34.4 12.2659505836227 4.905919713562187
0 34.6 11.767779877483278 4.948650821019738
0 34.8 11.269609171343856 4.991381928477289
0 35.0 10.771438465204433 5.0341130359348405
0 35.2 10.27326775906501 5.076844143392392
0 35.4 9.775097052925588 5.119575250849943
0 35.6 9.18518722039013 5.170175376737875
0 35.8 9.242072663796973 5.6669288833469444
0 36.0 9.298958107203816 6.163682389956014
0 36.2 9.35584355061066 6.660435896565083
0 36.4 9.412728994017503 7.1571894031741525
0 36.6 9.469614437424346 7.653942909783222
0 36.8 9.526499880831189 8.150696416392291
0 37.0 9.583385324238032 8.64744992300136
0 37.2 9.640270767644875 9.14420342961043
0 37.4 9.697156211051718 9.6409569362195
0 37.6 9.754041654458561 10.137710442828569
0 37.8 9.810927097865404 10.634463949437638
0 38.0 9.867812541272247 11.131217456046707
0 38.2 9.92469798467909 11.627970962655777
0 38.4 9.981583428085933 12.124724469264846
0 38.6 10.038468871492777 12.621477975873916
0 38.8 10.09535431489962 13.118231482482985
0 39.0 10.152239758306463 13.614984989092054
0 39.2 10.209125201713306 14.111738495701124
0 39.4 10.266010645120149 14.608492002310193
0 39.6 10.322896088526992 15.105245508919262
0 39.8 10.379781531933835 15.601999015528332
0 40.0 10.436666975340678 16.098752522137403
0 40.2 10.493552418747521 16.595506028746474
0 40.4 10.550437862154364 17.092259535355545
0 40.6 10.607323305561208 17.589013041964616
0 40.8 10.680025677743796 18.22388826060714
0 41.0 10.21162427585032 18.398817179612053
0 41.2 9.743222873956846 18.573746098616965
0 41.4 9.27482147206337 18.748675017621878
0 41.6 8.806420070169896 18.92360393662679
0 41.8 8.33801866827642 19.098532855631703
0 42.0 7.869617266382945 19.273461774636615
0 42.2 7.032039119807012 19.586263229052378
0 42.4 7.0922014978394445 19.089895937352487
0 42.6 7.1523638758718775 18.593528645652597
0 42.8 7.2125262539043105 18.097161353952707
0 43.0 7.272688631936743 17.600794062252817
0 43.2 7.332851009969176 17.104426770552926
0 43.4 7.393013388001609 16.608059478853036
0 43.6 7.453175766034042 16.111692187153146
0 43.8 7.513338144066475 15.615324895453258
0 44.0 7.573500522098908 15.118957603753369
0 44.2 7.633662900131341 14.62259031205348
0 44.4 7.693825278163774 14.126223020353592
0 44.6 7.753987656196207 13.629855728653704
0 44.8 7.81415003422864 13.133488436953815
0 45.0 7.874312412261073 12.637121145253927
0 45.2 7.934474790293506 12.140753853554038
0 45.4 7.994637168325939 11.64438656185415
0 45.6 8.054799546358371 11.148019270154261
0 45.8 8.114961924390803 10.651651978454373
0 46.0 8.175124302423235 10.155284686754484
0 46.2 8.235286680455667 9.658917395054596
0 46.4 8.2954490584881 9.162550103354707
0 46.6 8.355611436520531 8.666182811654819
0 46.8 8.415773814552963 8.16981551995493
0 47.0 8.475936192585396 7.673448228255041
0 47.2 8.536098570617828 7.177080936555152
0 47.4 8.59626094865026 6.680713644855262
0 47.6 8.670258574389662 6.070199195764028
0 47.8 9.168920264744072 6.033640768925853
0 48.0 9.667581955098482 5.997082342087678
0 48.2 10.166243645452893 5.960523915249503
0 48.4 10.664905335807303 5.923965488411328
0 48.6 11.163567026161713 5.887407061573153
0 48.8 11.662228716516124 5.850848634734978
0 49.0 12.160890406870534 5.8142902078968035
0 49.2 12.659552097224944 5.777731781058629
0 49.4 13.158213787579355 5.741173354220454
0 49.6 13.656875477933765 5.704614927382279
0 49.8 14.155537168288175 5.668056500544104
0 50.0 14.654198858642586 5.631498073705929
0 50.2 15.152860548996996 5.594939646867754
0 50.4 15.651522239351406 5.558381220029579
0 50.6 16.15018392970582 5.521822793191404
0 50.8 16.64884562006023 5.4852643663532294
0 51.0 17.14750731041464 5.4487059395150546
0 51.2 17.64616900076905 5.41214751267688
0 51.4 18.14483069112346 5.375589085838705
0 51.6 19.089082824176252 5.306363049047169
0 51.8 18.592887175798474 5.244801059711558
0 52.0 18.096691527420695 5.183239070375947
0 52.2 17.600495879042917 5.121677081040336
0 52.4 17.10430023066514 5.060115091704725
0 52.6 16.60810458228736 4.998553102369114
0 52.8 16.111908933909582 4.936991113033503
0 53.0 15.615713285531806 4.875429123697892
0 53.2 15.11951763715403 4.813867134362281
0 53.4 14.623321988776253 4.7523051450266705
0 53.6 14.127126340398476 4.6907431556910595
0 53.8 13.6309306920207 4.6291811663554485
0 54.0 13.134735043642923 4.5676191770198376
0 54.2 12.638539395265147 4.506057187684227
0 54.4 12.14234374688737 4.444495198348616
0 54.6 11.646148098509594 4.382933209013005
0 54.8 11.149952450131817 4.321371219677394
0 55.0 10.65375680175404 4.259809230341783
0 55.2 10.157561153376264 4.198247241006172
0 55.4 9.661365504998487 4.136685251670561
0 55.6 9.165169856620711 4.07512326233495
0 55.8 8.668974208242934 4.013561272999339
0 56.0 8.172778559865158 3.951999283663728
0 56.2 7.676582911487381 3.890437294328117
0 56.4 7.180387263109605 3.828875304992506
0 56.6 6.684191614731828 3.767313315656895
0 56.8 6.187995966354052 3.705751326321284
0 57.0 5.691800317976275 3.644189336985673
0 57.2 5.195604669598499 3.582627347650062
0 57.4 4.592768600683055 3.5078346972771257
0 57.6 4.970581292473381 3.8353367124192435
0 57.8 5.348393984263707 4.162838727561361
0 58.0 6.024030448531878 4.748505404090377
0 58.2 6.321532650287612 4.346644184326028
0 58.4 6.619034852043345 3.9447829645616785
0 58.6 6.916537053799079 3.5429217447973294
0 58.8 7.359399770756367 2.9447098640975966
0 59.0 7.6126330196396745 3.375839684059061
0 59.2 7.865866268522982 3.8069695040205254
0 59.4 8.11909951740629 4.23809932398199
0 59.6 8.372332766289599 4.669229143943454
0 59.8 8.625566015172907 5.1003589639049185
0 60.0 8.878799264056216 5.531488783866383
0 60.2 9.132032512939524 5.962618603827847
0 60.4 9.385265761822833 6.393748423789312
0 60.6 9.638499010706141 6.824878243750776
0 60.8 9.89173225958945 7.25600806371224
0 61.0 10.144965508472758 7.687137883673705
0 61.2 10.398198757356067 8.11826770363517
0 61.4 10.651432006239375 8.549397523596634
0 61.6 10.904665255122683 8.980527343558098
0 61.8 11.157898504005992 9.411657163519562
0 62.0 11.4111317528893 9.842786983481027
0 62.2 11.664365001772609 10.273916803442491
0 62.4 11.917598250655917 10.705046623403955
0 62.6 12.170831499539226 11.13617644336542
0 62.8 12.424064748422534 11.567306263326884
0 63.0 12.677297997305843 11.998436083288349
0 63.2 12.930531246189151 12.429565903249813
0 63.4 13.39598632650646 13.222003570350275
0 63.6 12.971811665620228 12.95728512168821
0 63.8 12.547637004733996 12.692566673026146
0 64.0 12.123462343847764 12.427848224364082
0 64.2 11.699287682961533 12.163129775702018
0 64.4 11.2751130220753 11.898411327039954
0 64.6 10.850938361189069 11.63369287837789
0 64.8 10.426763700302837 11.368974429715825
0 65.0 10.002589039416605 11.104255981053761
0 65.2 9.578414378530374 10.839537532391697
0 65.4 9.154239717644142 10.574819083729633
0 65.6 8.73006505675791 10.310100635067569
0 65.8 8.305890395871678 10.045382186405504
0 66.0 7.881715734985446 9.78066373774344
0 66.2 7.457541074099213 9.515945289081376
0 66.4 7.03336641321298 9.251226840419312
0 66.6 6.609191752326748 8.986508391757248
0 66.8 6.185017091440515 8.721789943095184
0 67.0 5.760842430554282 8.45707149443312
0 67.2 5.33666776966805 8.192353045771055
0 67.4 4.912493108781817 7.927634597108991
0 67.6 4.488318447895584 7.662916148446927
0 67.8 4.0641437870093515 7.398197699784863
0 68.0 3.639969126123119 7.1334792511227985
0 68.2 3.215794465236886 6.868760802460734
0 68.4 2.7916198043506535 6.60404235379867
0 68.6 2.367445143464421 6.339323905136606
0 68.8 1.9432704825781884 6.074605456474542
0 69.0 1.124138832469721 5.563402691053197
0 69.2 1.3353567361416998 6.016599113334325
0 69.4 1.5465746398136786 6.469795535615454
0 69.6 1.7577925434856574 6.922991957896582
0 69.8 1.9690104471576362 7.376188380177711
0 70.0 2.180228350829615 7.829384802458839
0 70.2 2.391446254501594 8.282581224739967
0 70.4 2.602664158173573 8.735777647021095
0 70.6 2.8138820618455522 9.188974069302223
0 70.8 3.0250999655175312 9.64217049158335
0 71.0 3.2363178691895103 10.095366913864478
0 71.2 3.4475357728614893 10.548563336145605
0 71.4 3.6587536765334683 11.001759758426733
0 71.6 3.8699715802054473 11.45495618070786
0 71.8 4.081189483877426 11.908152602988988
0 72.0 4.292407387549405 12.361349025270115
0 72.2 4.503625291221383 12.814545447551243
0 72.4 4.891426278454791 13.646624626995285
0 72.6 5.2300783991012025 13.278773106430686
0 72.8 5.568730519747614 12.910921585866086
0 73.0 5.907382640394026 12.543070065301487
0 73.2 6.246034761040438 12.175218544736888
0 73.4 6.584686881686849 11.807367024172288
0 73.6 6.923339002333261 11.439515503607689
0 73.8 7.261991122979673 11.07166398304309
0 74.0 7.6006432436260845 10.70381246247849
0 74.2 7.939295364272496 10.335960941913891
0 74.4 8.277947484918908 9.968109421349292
0 74.6 8.61659960556532 9.600257900784692
0 74.8 8.955251726211731 9.232406380220093
0 75.0 9.293903846858143 8.864554859655494
0 75.2 9.632555967504555 8.496703339090894
0 75.4 9.971208088150966 8.128851818526295
0 75.6 10.309860208797378 7.7610002979616945
0 75.8 10.64851232944379 7.393148777397094
0 76.0 10.987164450090201 7.025297256832494
0 76.2 11.325816570736613 6.657445736267894
0 76.4 11.664468691383025 6.289594215703294
0 76.6 12.003120812029437 5.921742695138693
0 76.8 12.341772932675848 5.553891174574093
0 77.0 12.68042505332226 5.186039654009493
0 77.2 13.019077173968672 4.818188133444893
0 77.4 13.357729294615083 4.450336612880292
0 77.6 13.696381415261495 4.082485092315692
0 77.8 14.035033535907907 3.714633571751092
0 78.0 14.373685656554319 3.3467820511864916
0 78.2 14.71233777720073 2.9789305306218914
0 78.4 15.050989897847142 2.611079010057291
0 78.6 15.389642018493554 2.243227489492691
0 78.8 15.840229765231978 1.753788984075586
0 79.0 15.565672945704966 2.171662832086217
0 79.2 15.291116126177954 2.5895366800968476
0 79.4 15.016559306650942 3.0074105281074783
0 79.6 14.74200248712393 3.425284376118109
0 79.8 14.467445667596918 3.84315822412874
0 80.0 14.192888848069906 4.26103207213937
0 80.2 13.918332028542894 4.678905920150001
0 80.4 13.643775209015882 5.096779768160632
0 80.6 13.36921838948887 5.5146536161712625
0 80.8 13.094661569961858 5.932527464181893
0 81.0 12.820104750434846 6.350401312192524
0 81.2 12.545547930907833 6.768275160203155
0 81.4 12.270991111380821 7.1861490082137855
0 81.6 11.99643429185381 7.604022856224416
0 81.8 11.721877472326797 8.021896704235047
0 82.0 11.447320652799785 8.439770552245678
0 82.2 11.172763833272773 8.857644400256309
0 82.4 10.898207013745761 9.27551824826694
0 82.6 10.62365019421875 9.69339209627757
0 82.8 10.349093374691737 10.111265944288201
0 83.0 10.074536555164725 10.529139792298832
0 83.2 9.799979735637713 10.947013640309462
0 83.4 9.525422916110701 11.364887488320093
0 83.6 9.250866096583689 11.782761336330724
0 83.8 8.976309277056677 12.200635184341355
0 84.0 8.701752457529665 12.618509032351986
0 84.2 8.427195638002653 13.036382880362616
0 84.4 8.15263881847564 13.454256728373247
0 84.6 7.878081998948629 13.872130576383878
0 84.8 7.6035251794216165 14.290004424394509
0 85.0 7.3289683598946045 14.70787827240514
0 85.2 7.054411540367592 15.12575212041577
0 85.4 6.77985472084058 15.5436259684264
0 85.6 6.505297901313568 15.961499816437032
0 85.8 6.230741081786556 16.379373664447662
0 86.0 5.956184262259544 16.79724751245829
0 86.2 5.681627442732532 17.21512136046892
0 86.4 5.3686893779785 17.691411235668685
0 86.6 5.331059818491245 17.192829230124165
0 86.8 5.293430259003991 16.694247224579644
0 87.0 5.255800699516736 16.195665219035124
0 87.2 5.218171140029481 15.697083213490604
0 87.4 5.180541580542227 15.198501207946084
0 87.6 5.142912021054972 14.699919202401563
0 87.8 5.105282461567717 14.201337196857043
0 88.0 5.067652902080463 13.702755191312523
0 88.2 5.030023342593208 13.204173185768003
0 88.4 4.992393783105953 12.705591180223482
0 88.6 4.954764223618699 12.207009174678962
0 88.8 4.917134664131444 11.708427169134442
0 89.0 4.879505104644189 11.209845163589922
0 89.2 4.841875545156935 10.711263158045401
0 89.4 4.79342681060654 10.069329859665661
0 89.6 5.232843936706869 10.307893455567733
0 89.8 5.672261062807198 10.546457051469805
0 90.0 6.111678188907527 10.785020647371876
0 90.2 6.551095315007856 11.023584243273948
0 90.4 6.990512441108185 11.26214783917602
0 90.6 7.429929567208514 11.500711435078092
0 90.8 7.869346693308843 11.739275030980163
0 91.0 8.308763819409172 11.977838626882235
0 91.2 8.748180945509501 12.216402222784307
0 91.4 9.18759807160983 12.454965818686379
0 91.6 9.62701519771016 12.69352941458845
0 91.8 10.066432323810488 12.932093010490522
0 92.0 10.505849449910817 13.170656606392594
0 92.2 10.945266576011146 13.409220202294666
0 92.4 11.384683702111476 13.647783798196738
0 92.6 11.824100828211805 13.88634739409881
0 92.8 12.263517954312134 14.124910990000881
0 93.0 12.811670624693278 14.422508112147625
0 93.2 13.290184186587082 14.277508901516308
0 93.4 13.768697748480886 14.13250969088499
0 93.6 14.24721131037469 13.987510480253674
0 93.8 14.725724872268493 13.842511269622356
0 94.0 15.204238434162297 13.69751205899104
0 94.2 15.682751996056101 13.552512848359722
0 94.4 16.161265557949903 13.407513637728405
0 94.6 16.639779119843706 13.262514427097088
0 94.8 17.118292681737508 13.11751521646577
0 95.0 17.617210056986615 12.966333240985154
0 95.2 17.644301264444803 12.467067713957244
0 95.4 17.67139247190299 11.967802186929333
0 95.6 17.69848367936118 11.468536659901423
0 95.8 17.725574886819366 10.969271132873512
0 96.0 17.752666094277554 10.470005605845602
0 96.2 17.779757301735742 9.970740078817691
0 96.4 17.80684850919393 9.47147455178978
0 96.6 17.833939716652118 8.97220902476187
0 96.8 17.861030924110306 8.47294349773396
0 97.0 17.888122131568494 7.973677970706049
0 97.2 17.915213339026682 7.474412443678139
0 97.4 17.94230454648487 6.975146916650228
0 97.6 17.969395753943058 6.475881389622318
0 97.8 17.996486961401246 5.976615862594407
0 98.0 18.023578168859434 5.477350335566497
0 98.2 18.05066937631762 4.978084808538586
0 98.4 18.07776058377581 4.478819281510676
0 98.6 18.104851791233997 3.979553754482765
0 98.8 18.131942998692185 3.480288227454854
0 99.0 18.159034206150373 2.981022700426943
0 99.2 18.210173148236702 2.038579994180021
0 99.4 17.74519072448055 2.2224042189107505
0 99.6 17.2802083007244 2.40622844364148
0 99.8 16.81522587696825 2.5900526683722096
0 100.0 16.350243453212098 2.773876893102939
0 100.2 15.885261029455945 2.9577011178336687
0 100.4 15.420278605699792 3.1415253425643983
0 100.6 14.95529618194364 3.325349567295128
0 100.8 14.490313758187487 3.5091737920258574
0 101.0 14.025331334431334 3.692998016756587
0 101.2 13.560348910675181 3.8768222414873166
0 101.4 13.095366486919028 4.060646466218047
0 101.6 12.630384063162875 4.244470690948776
0 101.8 12.165401639406722 4.428294915679506
0 102.0 11.70041921565057 4.612119140410235
0 102.2 11.235436791894417 4.795943365140965
0 102.4 10.770454368138264 4.979767589871694
0 102.6 10.305471944382111 5.163591814602424
0 102.8 9.840489520625958 5.347416039333154
0 103.0 9.375507096869805 5.531240264063883
0 103.2 8.910524673113652 5.715064488794613
0 103.4 8.4455422493575 5.898888713525342
0 103.6 7.980559825601347 6.082712938256072
0 103.8 7.515577401845194 6.266537162986801
0 104.0 7.050594978089041 6.450361387717531
0 104.2 6.585612554332888 6.6341856124482605
0 104.4 6.120630130576735 6.81800983717899
0 104.6 5.655647706820583 7.00183406190972
0 104.8 5.19066528306443 7.185658286640449
0 105.0 4.725682859308277 7.369482511371179
0 105.2 4.260700435552124 7.553306736101908
0 105.4 3.7957180117959717 7.737130960832638
0 105.6 3.3307355880398193 7.9209551855633675
0 105.8 2.865753164283667 8.104779410294098
0 106.0 2.4007707405275145 8.288603635024828
0 106.2 1.935788316771362 8.472427859755557
0 106.4 1.4708058930152097 8.656252084486287
0 106.6 0.6595738994052924 8.976961179461266
0 106.8 1.0879875439135693 8.719159416086507
0 107.0 1.5164011884218462 8.461357652711747
0 107.2 1.9448148329301231 8.203555889336988
0 107.4 2.3732284774384 7.945754125962228
0 107.6 2.801642121946677 7.687952362587469
0 107.8 3.230055766454954 7.430150599212709
0 108.0 3.6584694109632308 7.1723488358379495
0 108.2 4.086883055471508 6.91454707246319
0 108.4 4.515296699979785 6.65674530908843
0 108.6 4.9437103444880615 6.398943545713671
0 108.8 5.372123988996338 6.141141782338911
0 109.0 5.800537633504615 5.883340018964152
0 109.2 6.228951278012892 5.625538255589392
0 109.4 6.657364922521169 5.3677364922146324
0 109.6 7.085778567029446 5.109934728839873
0 109.8 7.514192211537723 4.852132965465113
0 110.0 7.942605856046 4.594331202090354
0 110.2 8.524913040086663 4.243922617312947
0 110.4 8.17944484849653 4.605380399909261
0 110.6 7.833976656906398 4.966838182505574
0 110.8 7.488508465316267 5.328295965101888
0 111.0 7.025071169833237 5.8131829135259805
0 111.2 7.3379727206288425 6.203173451244147
0 111.4 7.650874271424448 6.593163988962314
0 111.6 7.963775822220054 6.983154526680481
0 111.8 8.276677373015659 7.373145064398648
0 112.0 8.589578923811263 7.763135602116815
0 112.2 9.198311691041472 8.521840755910864
0 112.4 9.320653117448519 8.037039172389637
0 112.6 9.442994543855566 7.55223758886841
0 112.8 9.565335970262613 7.067436005347183
0 113.0 9.68767739666966 6.582634421825956
0 113.2 9.810018823076707 6.097832838304729
0 113.4 9.932360249483754 5.613031254783502
0 113.6 10.0547016758908 5.128229671262275
0 113.8 10.177043102297848 4.643428087741048
0 114.0 10.299384528704895 4.158626504219821
0 114.2 10.421725955111942 3.6738249206985945
0 114.4 10.631902512969742 2.8409596267343917
0 114.6 11.131851104025085 2.833789807923756
0 114.8 11.631799695080428 2.82661998911312
0 115.0 12.131748286135771 2.819450170302484
0 115.2 12.631696877191114 2.812280351491848
0 115.4 13.131645468246457 2.805110532681212
0 115.6 13.6315940593018 2.797940713870576
0 115.8 14.131542650357144 2.79077089505994
0 116.0 14.631491241412487 2.783601076249304
0 116.2 15.13143983246783 2.7764312574386683
0 116.4 15.631388423523173 2.7692614386280323
0 116.6 16.131337014578516 2.7620916198173964
0 116.8 16.63128560563386 2.7549218010067604
0 117.0 17.131234196689203 2.7477519821961245
0 117.2 17.651920032281247 2.7402847682360254
0 117.4 17.477571743071287 3.208902601923093
0 117.6 17.303223453861328 3.6775204356101603
0 117.8 17.12887516465137 4.146138269297228
0 118.0 16.95452687544141 4.614756102984295
0 118.2 16.78017858623145 5.083373936671363
0 118.4 16.60583029702149 5.5519917703584305
0 118.6 16.431482007811532 6.020609604045498
0 118.8 16.257133718601573 6.489227437732566
0 119.0 16.082785429391613 6.957845271419634
0 119.2 15.908437140181652 7.426463105106702
0 119.4 15.734088850971691 7.89508093879377
0 119.6 15.55974056176173 8.363698772480838
0 119.8 15.385392272551769 8.832316606167906
0 120.0 15.211043983341808 9.300934439854974
0 120.2 15.036695694131847 9.769552273542041
0 120.4 14.862347404921886 10.23817010722911
0 120.6 14.687999115711925 10.706787940916177
0 120.8 14.513650826501964 11.175405774603245
0 121.0 14.339302537292003 11.644023608290313
0 121.2 14.164954248082042 12.112641441977381
0 121.4 13.99060595887208 12.581259275664449
0 121.6 13.81625766966212 13.049877109351517
0 121.8 13.641909380452159 13.518494943038585
0 122.0 13.467561091242198 13.987112776725652
0 122.2 13.293212802032237 14.45573061041272
0 122.4 13.118864512822276 14.924348444099788
0 122.6 12.944516223612315 15.392966277786856
0 122.8 12.726519221106212 15.978904250150098
0 123.0 12.761694093015828 15.480143056404893
0 123.2 12.796868964925444 14.981381862659688
0 123.4 12.83204383683506 14.482620668914484
0 123.6 12.867218708744677 13.983859475169279
0 123.8 12.902393580654293 13.485098281424074
0 124.0 12.937568452563909 12.98633708767887
0 124.2 12.972743324473525 12.487575893933665
0 124.4 13.007918196383141 11.98881470018846
0 124.6 13.043093068292757 11.490053506443255
0 124.8 13.078267940202373 10.99129231269805
0 125.0 13.11344281211199 10.492531118952845
0 125.2 13.148617684021605 9.99376992520764
0 125.4 13.183792555931221 9.495008731462436
0 125.6 13.218967427840838 8.996247537717231
0 125.8 13.254142299750454 8.497486343972026
0 126.0 13.28931717166007 7.9987251502268215
0 126.2 13.324492043569686 7.499963956481617
0 126.4 13.359666915479302 7.001202762736412
0 126.6 13.411537660219693 6.265702868560465
0 126.8 13.116761391768126 6.669567885066933
0 127.0 12.821985123316558 7.073432901573401
0 127.2 12.527208854864991 7.477297918079869
0 127.4 12.232432586413424 7.881162934586337
0 127.6 11.937656317961856 8.285027951092804
0 127.8 11.642880049510289 8.688892967599271
0 128.0 11.348103781058722 9.092757984105738
0 128.2 11.053327512607154 9.496623000612205
0 128.4 10.758551244155587 9.900488017118672
0 128.6 10.46377497570402 10.304353033625139
0 128.8 10.168998707252452 10.708218050131606
0 129.0 9.874222438800885 11.112083066638073
0 129.2 9.579446170349318 11.51594808314454
0 129.4 9.28466990189775 11.919813099651007
0 129.6 8.989893633446183 12.323678116157474
0 129.8 8.695117364994616 12.727543132663941
0 130.0 8.400341096543048 13.131408149170408
0 130.2 8.105564828091481 13.535273165676875
0 130.4 7.810788559639914 13.939138182183342
0 130.6 7.516012291188346 14.343003198689809
0 130.8 7.221236022736779 14.746868215196276
0 131.0 6.9264597542852115 15.150733231702743
0 131.2 6.450931325257068 15.802241909275631
0 131.4 6.95005259312799 15.831872298387548
0 131.6 7.449173860998911 15.861502687499465
0 131.8 7.948295128869833 15.891133076611382
0 132.0 8.447416396740755 15.920763465723299
0 132.2 8.946537664611677 15.950393854835216
0 132.4 9.4456589324826 15.980024243947133
0 132.6 9.944780200353522 16.00965463305905
0 132.8 10.443901468224444 16.03928502217097
0 133.0 10.943022736095367 16.068915411282887
0 133.2 11.44214400396629 16.098545800394806
0 133.4 11.941265271837212 16.128176189506725
0 133.6 12.440386539708134 16.157806578618644
0 133.8 12.939507807579057 16.187436967730562
0 134.0 13.43862907544998 16.21706735684248
0 134.2 13.937750343320902 16.2466977459544
0 134.4 14.436871611191824 16.27632813506632
0 134.6 14.935992879062747 16.305958524178237
0 134.8 15.43511414693367 16.335588913290156
0 135.0 15.934235414804592 16.365219302402075
0 135.2 16.433356682675512 16.394849691513993
0 135.4 16.932477950546435 16.424480080625912
0 135.6 17.85529410508027 16.479263163411037
0 135.8 17.3922327190543 16.290652048225038
0 136.0 16.92917133302833 16.10204093303904
0 136.2 16.46610994700236 15.91342981785304
0 136.4 16.00304856097639 15.72481870266704
0 136.6 15.539987174950417 15.53620758748104
0 136.8 15.076925788924445 15.347596472295042
0 137.0 14.613864402898473 15.158985357109042
0 137.2 14.150803016872501 14.970374241923043
0 137.4 13.68774163084653 14.781763126737044
0 137.6 13.224680244820558 14.593152011551044
0 137.8 12.761618858794586 14.404540896365045
0 138.0 12.298557472768614 14.215929781179046
0 138.2 11.835496086742642 14.027318665993047
0 138.4 11.37243470071667 13.838707550807047
0 138.6 10.909373314690699 13.650096435621048
0 138.8 10.446311928664727 13.461485320435049
0 139.0 9.983250542638755 13.27287420524905
0 139.2 9.520189156612783 13.08426309006305
0 139.4 9.057127770586812 12.895651974877051
0 139.6 8.59406638456084 12.707040859691052
0 139.8 8.131004998534868 12.518429744505053
0 140.0 7.667943612508897 12.329818629319053
0 140.2 7.204882226482926 12.141207514133054
0 140.4 6.741820840456955 11.952596398947055
0 140.6 6.278759454430984 11.763985283761055
0 140.8 5.8156980684050135 11.575374168575056
0 141.0 5.3526366823790426 11.386763053389057
0 141.2 4.889575296353072 11.198151938203058
0 141.4 4.426513910327101 11.009540823017058
0 141.6 3.96345252430113 10.82092970783106
0 141.8 3.500391138275159 10.63231859264506
0 142.0 3.037329752249188 10.44370747745906
0 142.2 2.574268366223217 10.255096362273061
0 142.4 2.111206980197246 10.066485247087062
0 142.6 1.4941266728951463 9.815140158872232
0 142.8 1.9571429069374686 10.003862089270545
0 143.0 2.420159140979791 10.192584019668857
0 143.2 2.8831753750221134 10.38130595006717
0 143.4 3.346191609064436 10.570027880465481
0 143.6 3.8092078431067584 10.758749810863794
0 143.8 4.2722240771490805 10.947471741262106
0 144.0 4.7352403111914025 11.136193671660418
0 144.2 5.198256545233725 11.32491560205873
0 144.4 5.661272779276047 11.513637532457043
0 144.6 6.124289013318369 11.702359462855355
0 144.8 6.587305247360691 11.891081393253668
0 145.0 7.050321481403013 12.07980332365198
0 145.2 7.513337715445335 12.268525254050292
0 145.4 7.976353949487657 12.457247184448605
0 145.6 8.439370183529979 12.645969114846917
0 145.8 8.902386417572302 12.83469104524523
0 146.0 9.365402651614625 13.023412975643542
0 146.2 9.828418885656948 13.212134906041854
0 146.4 10.614110364629052 13.532376836469645
0 146.6 10.18902131751285 13.795624442388178
0 146.8 9.763932270396648 14.05887204830671
0 147.0 9.338843223280445 14.322119654225244
0 147.2 8.913754176164243 14.585367260143776
0 147.4 8.48866512904804 14.84861486606231
0 147.6 8.063576081931839 15.111862471980842
0 147.8 7.638487034815636 15.375110077899375
0 148.0 7.213397987699434 15.638357683817908
0 148.2 6.7883089405832315 15.901605289736441
0 148.4 6.363219893467029 16.164852895654974
0 148.6 5.938130846350827 16.428100501573507
0 148.8 5.513041799234625 16.69134810749204
0 149.0 5.087952752118422 16.954595713410573
0 149.2 4.66286370500222 17.217843319329106
0 149.4 4.237774657886018 17.48109092524764
0 149.6 3.8126856107698157 17.74433853116617
0 149.8 3.387596563653614 18.007586137084704
0 150.0 2.962507516537412 18.270833743003237
0 150.2 2.205737681213382 18.739483426479936
0 150.4 2.104697182006822 18.249799020438566
0 150.6 2.0036566828002615 17.760114614397196
0 150.8 1.902616183593701 17.270430208355826
0 151.0 1.8015756843871404 16.780745802314456
0 151.2 1.70053518518058 16.291061396273086
0 151.4 1.5994946859740193 15.801376990231716
0 151.6 1.4739493619384247 15.192931981404508
0 151.8 1.8382555395454054 14.850468831624285
0 152.0 2.202561717152386 14.508005681844063
0 152.2 2.566867894759367 14.16554253206384
0 152.4 2.9311740723663475 13.823079382283618
0 152.6 3.2954802499733282 13.480616232503396
0 152.8 3.659786427580309 13.138153082723173
0 153.0 4.02409260518729 12.79568993294295
0 153.2 4.388398782794271 12.453226783162728
0 153.4 4.7527049604012515 12.110763633382506
0 153.6 5.117011138008232 11.768300483602284
0 153.8 5.481317315615213 11.425837333822061
0 154.0 5.8456234932221935 11.083374184041839
0 154.2 6.209929670829174 10.740911034261616
0 154.4 6.574235848436155 10.398447884481394
0 154.6 6.938542026043136 10.055984734701171
0 154.8 7.302848203650116 9.713521584920949
0 155.0 7.667154381257097 9.371058435140727
0 155.2 8.031460558864078 9.028595285360504
0 155.4 8.395766736471058 8.686132135580282
0 155.6 8.76007291407804 8.34366898580006
0 155.8 9.12437909168502 8.001205836019837
0 156.0 9.488685269292 7.658742686239615
0 156.2 9.852991446898981 7.316279536459392
0 156.4 10.217297624505962 6.97381638667917
0 156.6 10.581603802112943 6.631353236898947
0 156.8 11.036022384828861 6.204180631213838
0 157.0 10.552533848914399 6.331612321304212
0 157.2 10.069045312999936 6.459044011394587
0 157.4 9.585556777085474 6.586475701484962
0 157.6 9.102068241171011 6.7139073915753364
0 157.8 8.618579705256549 6.841339081665711
0 158.0 8.135091169342086 6.968770771756086
0 158.2 7.651602633427624 7.0962024618464605
0 158.4 7.168114097513161 7.223634151936835
0 158.6 6.684625561598699 7.35106584202721
0 158.8 6.201137025684236 7.478497532117585
0 159.0 5.717648489769774 7.605929222207959
0 159.2 5.234159953855311 7.733360912298334
0 159.4 4.750671417940849 7.860792602388709
0 159.6 4.267182882026386 7.988224292479083
0 159.8 3.5319924581730477 8.181996329023216
