2 0 0 0
3 0 0 4
4 0 0 8
5 0 0 12
6 0 0 16
7 0 4 0
8 0 4 4
9 0 4 8
10 0 4 12
11 0 4 16
12 0 8 0
13 0 8 4
14 0 8 8
15 0 8 12
16 0 8 16
17 0 12 0
18 0 12 4
19 0 12 8
20 0 12 12
21 0 12 16
22 0 16 0
23 0 16 4
24 0 16 8
25 0 16 12
26 0 16 16
1 0 -3 6
0 0.0 8.920849909051494 16.871520284767847
0 0.2 9.020772325673375 16.875458641841945
0 0.4 9.120694742295257 16.879396998916043
0 0.6 9.220617158917138 16.88333535599014
0 0.8 9.32053957553902 16.88727371306424
0 1.0 9.4204619921609 16.891212070138337
0 1.2 9.520384408782782 16.895150427212435
0 1.4 9.620306825404663 16.899088784286533
0 1.6 9.720229242026544 16.90302714136063
0 1.8 9.820151658648426 16.90696549843473
0 2.0 9.920074075270307 16.910903855508828
0 2.2 10.019996491892188 16.914842212582926
0 2.4 10.11991890851407 16.918780569657024
0 2.6 10.21984132513595 16.92271892673112
0 2.8 10.319763741757832 16.92665728380522
0 3.0 10.419686158379713 16.930595640879318
0 3.2 10.519608575001595 16.934533997953416
0 3.4 10.619530991623476 16.938472355027514
0 3.6 10.719453408245357 16.942410712101612
0 3.8 10.819375824867238 16.94634906917571
0 4.0 10.91929824148912 16.950287426249808
0 4.2 11.019220658111001 16.954225783323906
0 4.4 11.119143074732882 16.958164140398004
0 4.6 11.219065491354764 16.962102497472102
0 4.8 11.318987907976645 16.9660408545462
0 5.0 11.418910324598526 16.9699792116203
0 5.2 11.518832741220407 16.973917568694397
0 5.4 11.618755157842289 16.977855925768495
0 5.6 11.71867757446417 16.981794282842593
0 5.8 11.818599991086051 16.98573263991669
0 6.0 11.918522407707933 16.98967099699079
0 6.2 12.018444824329814 16.993609354064887
0 6.4 12.118367240951695 16.997547711138985
0 6.6 12.218289657573576 17.001486068213083
0 6.8 12.318212074195458 17.00542442528718
0 7.0 12.418134490817339 17.00936278236128
0 7.2 12.51805690743922 17.013301139435377
0 7.4 12.617979324061102 17.017239496509475
0 7.6 12.717901740682983 17.021177853583573
0 7.8 12.817824157304864 17.02511621065767
0 8.0 12.917746573926745 17.02905456773177
0 8.2 13.017668990548627 17.032992924805868
0 8.4 13.117591407170508 17.036931281879966
0 8.6 13.21751382379239 17.040869638954064
0 8.8 13.31743624041427 17.04480799602816
0 9.0 13.417358657036152 17.04874635310226
0 9.2 13.517281073658033 17.052684710176358
0 9.4 13.617203490279914 17.056623067250456
0 9.6 13.717125906901796 17.060561424324554
0 9.8 13.817048323523677 17.064499781398652
0 10.0 13.916970740145558 17.06843813847275
0 10.2 14.01689315676744 17.072376495546848
0 10.4 14.11681557338932 17.076314852620946
0 10.6 14.216737990011202 17.080253209695044
0 10.8 14.316660406633083 17.084191566769142
0 11.0 14.416582823254965 17.08812992384324
0 11.2 14.516505239876846 17.09206828091734
0 11.4 14.616427656498727 17.096006637991437
0 11.6 14.716350073120608 17.099944995065535
0 11.8 14.81627248974249 17.103883352139633
0 12.0 14.916194906364371 17.10782170921373
0 12.2 15.016117322986252 17.11176006628783
0 12.4 15.116039739608134 17.115698423361927
0 12.6 15.215962156230015 17.119636780436025
0 12.8 15.315884572851896 17.123575137510123
0 13.0 15.415806989473777 17.12751349458422
0 13.2 15.515729406095659 17.13145185165832
0 13.4 15.61565182271754 17.135390208732417
0 13.6 15.715574239339421 17.139328565806515
0 13.8 15.815496655961303 17.143266922880613
0 14.0 15.915419072583184 17.14720527995471
0 14.2 16.015341489205067 17.15114363702881
0 14.4 16.11526390582695 17.155081994102908
0 14.6 16.215186322448833 17.159020351177006
0 14.8 16.315108739070716 17.162958708251104
0 15.0 16.4150311556926 17.1668970653252
0 15.2 16.514953572314482 17.1708354223993
0 15.4 16.614875988936365 17.174773779473398
0 15.6 16.71479840555825 17.178712136547496
0 15.8 16.81472082218013 17.182650493621594
0 16.0 16.914643238802014 17.186588850695692
0 16.2 17.014565655423898 17.19052720776979
0 16.4 17.11448807204578 17.194465564843888
0 16.6 17.27096949270539 17.200633146962613
0 16.8 17.20681654552493 17.12392330816692
0 17.0 17.14266359834447 17.047213469371226
0 17.2 17.07851065116401 16.970503630575532
0 17.4 17.01435770398355 16.89379379177984
0 17.6 16.95020475680309 16.817083952984145
0 17.8 16.88605180962263 16.74037411418845
0 18.0 16.82189886244217 16.663664275392758
0 18.2 16.757745915261708 16.586954436597065
0 18.4 16.693592968081248 16.51024459780137
0 18.6 16.629440020900788 16.433534759005678
0 18.8 16.565287073720327 16.356824920209984
0 19.0 16.501134126539867 16.28011508141429
0 19.2 16.436981179359407 16.203405242618597
0 19.4 16.372828232178946 16.126695403822904
0 19.6 16.308675284998486 16.04998556502721
0 19.8 16.244522337818026 15.973275726231519
0 20.0 16.180369390637566 15.896565887435827
0 20.2 16.116216443457105 15.819856048640135
0 20.4 16.052063496276645 15.743146209844443
0 20.6 15.987910549096185 15.666436371048752
0 20.8 15.923757601915725 15.58972653225306
0 21.0 15.859604654735264 15.513016693457368
0 21.2 15.795451707554804 15.436306854661677
0 21.4 15.731298760374344 15.359597015865985
0 21.6 15.667145813193883 15.282887177070293
0 21.8 15.602992866013423 15.206177338274601
0 22.0 15.538839918832963 15.12946749947891
0 22.2 15.474686971652503 15.052757660683218
0 22.4 15.410534024472042 14.976047821887526
0 22.6 15.346381077291582 14.899337983091835
0 22.8 15.282228130111122 14.822628144296143
0 23.0 15.218075182930662 14.745918305500451
0 23.2 15.153922235750201 14.66920846670476
0 23.4 15.089769288569741 14.592498627909068
0 23.6 15.02561634138928 14.515788789113376
0 23.8 14.96146339420882 14.439078950317684
0 24.0 14.89731044702836 14.362369111521993
0 24.2 14.8331574998479 14.285659272726301
0 24.4 14.76900455266744 14.20894943393061
0 24.6 14.70485160548698 14.132239595134918
0 24.8 14.640698658306519 14.055529756339226
0 25.0 14.576545711126059 13.978819917543534
0 25.2 14.512392763945599 13.902110078747842
0 25.4 14.448239816765138 13.82540023995215
0 25.6 14.384086869584678 13.748690401156459
0 25.8 14.319933922404218 13.671980562360767
0 26.0 14.255780975223757 13.595270723565076
0 26.2 14.191628028043297 13.518560884769384
0 26.4 14.127475080862837 13.441851045973692
0 26.6 14.063322133682377 13.365141207178
0 26.8 13.999169186501916 13.288431368382309
0 27.0 13.935016239321456 13.211721529586617
0 27.2 13.870863292140996 13.135011690790925
0 27.4 13.806710344960536 13.058301851995234
0 27.6 13.742557397780075 12.981592013199542
0 27.8 13.678404450599615 12.90488217440385
0 28.0 13.614251503419155 12.828172335608159
0 28.2 13.550098556238694 12.751462496812467
0 28.4 13.485945609058234 12.674752658016775
0 28.6 13.421792661877774 12.598042819221083
0 28.8 13.357639714697314 12.521332980425392
0 29.0 13.293486767516853 12.4446231416297
0 29.2 13.229333820336393 12.367913302834008
0 29.4 13.165180873155933 12.291203464038317
0 29.6 13.101027925975472 12.214493625242625
0 29.8 13.036874978795012 12.137783786446933
0 30.0 12.972722031614552 12.061073947651241
0 30.2 12.908569084434092 11.98436410885555
0 30.4 12.844416137253631 11.907654270059858
0 30.6 12.780263190073171 11.830944431264166
0 30.8 12.71611024289271 11.754234592468475
0 31.0 12.65195729571225 11.677524753672783
0 31.2 12.58780434853179 11.600814914877091
0 31.4 12.52365140135133 11.5241050760814
0 31.6 12.45949845417087 11.447395237285708
0 31.8 12.39534550699041 11.370685398490016
0 32.0 12.33119255980995 11.293975559694324
0 32.2 12.267039612629489 11.217265720898633
0 32.4 12.202886665449029 11.140555882102941
0 32.6 12.138733718268568 11.06384604330725
0 32.8 12.074580771088108 10.987136204511557
0 33.0 12.010427823907648 10.910426365715866
0 33.2 11.946274876727188 10.833716526920174
0 33.4 11.882121929546727 10.757006688124482
0 33.6 11.817968982366267 10.68029684932879
0 33.8 11.753816035185807 10.603587010533099
0 34.0 11.689663088005346 10.526877171737407
0 34.2 11.625510140824886 10.450167332941716
0 34.4 11.561357193644426 10.373457494146024
0 34.6 11.497204246463966 10.296747655350332
0 34.8 11.433051299283505 10.22003781655464
0 35.0 11.368898352103045 10.143327977758949
0 35.2 11.304745404922585 10.066618138963257
0 35.4 11.240592457742125 9.989908300167565
0 35.6 11.176439510561664 9.913198461371874
0 35.8 11.112286563381204 9.836488622576182
0 36.0 11.048133616200744 9.75977878378049
0 36.2 10.983980669020283 9.683068944984798
0 36.4 10.919827721839823 9.606359106189107
0 36.6 10.855674774659363 9.529649267393415
0 36.8 10.791521827478903 9.452939428597723
0 37.0 10.727368880298442 9.376229589802032
0 37.2 10.663215933117982 9.29951975100634
0 37.4 10.599062985937522 9.222809912210648
0 37.6 10.534910038757062 9.146100073414956
0 37.8 10.470757091576601 9.069390234619265
0 38.0 10.406604144396141 8.992680395823573
0 38.2 10.34245119721568 8.915970557027881
0 38.4 10.27829825003522 8.83926071823219
0 38.6 10.21414530285476 8.762550879436498
0 38.8 10.1499923556743 8.685841040640806
0 39.0 10.08583940849384 8.609131201845114
0 39.2 10.02168646131338 8.532421363049423
0 39.4 9.957533514132919 8.455711524253731
0 39.6 9.893380566952459 8.37900168545804
0 39.8 9.829227619771999 8.302291846662348
0 40.0 9.765074672591538 8.225582007866656
0 40.2 9.700921725411078 8.148872169070964
0 40.4 9.636768778230618 8.072162330275273
0 40.6 9.572615831050157 7.99545249147958
0 40.8 9.508462883869697 7.918742652683887
0 41.0 9.444309936689237 7.842032813888195
0 41.2 9.380156989508777 7.765322975092502
0 41.4 9.316004042328316 7.6886131362968095
0 41.6 9.251851095147856 7.611903297501117
0 41.8 9.187698147967396 7.535193458705424
0 42.0 9.123545200786936 7.458483619909732
0 42.2 9.059392253606475 7.381773781114039
0 42.4 8.995239306426015 7.3050639423183465
0 42.6 8.931086359245555 7.228354103522654
0 42.8 8.866933412065094 7.151644264726961
0 43.0 8.802780464884634 7.074934425931269
0 43.2 8.738627517704174 6.998224587135576
0 43.4 8.674474570523714 6.921514748339884
0 43.6 8.610321623343253 6.844804909544191
0 43.8 8.546168676162793 6.768095070748498
0 44.0 8.482015728982333 6.691385231952806
0 44.2 8.417862781801873 6.614675393157113
0 44.4 8.353709834621412 6.537965554361421
0 44.6 8.289556887440952 6.461255715565728
0 44.8 8.225403940260492 6.384545876770035
0 45.0 8.161250993080031 6.307836037974343
0 45.2 8.097098045899571 6.23112619917865
0 45.4 8.03294509871911 6.154416360382958
0 45.6 7.968792151538651 6.077706521587265
0 45.8 7.90463920435819 6.000996682791572
0 46.0 7.84048625717773 5.92428684399588
0 46.2 7.77633330999727 5.847577005200187
0 46.4 7.7121803628168095 5.770867166404495
0 46.6 7.648027415636349 5.694157327608802
0 46.8 7.583874468455889 5.617447488813109
0 47.0 7.519721521275429 5.540737650017417
0 47.2 7.455568574094968 5.464027811221724
0 47.4 7.391415626914508 5.387317972426032
0 47.6 7.327262679734048 5.310608133630339
0 47.8 7.263109732553588 5.233898294834646
0 48.0 7.198956785373127 5.157188456038954
0 48.2 7.134803838192667 5.080478617243261
0 48.4 7.070650891012207 5.003768778447569
0 48.6 7.0064979438317465 4.927058939651876
0 48.8 6.942344996651286 4.850349100856183
0 49.0 6.878192049470826 4.773639262060491
0 49.2 6.814039102290366 4.696929423264798
0 49.4 6.749886155109905 4.620219584469106
0 49.6 6.685733207929445 4.543509745673413
0 49.8 6.621580260748985 4.46679990687772
0 50.0 6.557427313568525 4.390090068082028
0 50.2 6.493274366388064 4.313380229286335
0 50.4 6.429121419207604 4.236670390490643
0 50.6 6.364968472027144 4.15996055169495
0 50.8 6.3008155248466835 4.0832507128992575
0 51.0 6.236662577666223 4.006540874103565
0 51.2 6.172509630485763 3.9298310353078723
0 51.4 6.108356683305303 3.8531211965121797
0 51.6 6.044203736124842 3.776411357716487
0 51.8 5.980050788944382 3.6997015189207945
0 52.0 5.915897841763922 3.622991680125102
0 52.2 5.851744894583462 3.5462818413294093
0 52.4 5.787591947403001 3.4695720025337167
0 52.6 5.723439000222541 3.392862163738024
0 52.8 5.659286053042081 3.3161523249423315
0 53.0 5.5951331058616205 3.239442486146639
0 53.2 5.53098015868116 3.1627326473509463
0 53.4 5.4668272115007 3.0860228085552537
0 53.6 5.40267426432024 3.009312969759561
0 53.8 5.338521317139779 2.9326031309638685
0 54.0 5.274368369959319 2.855893292168176
0 54.2 5.210215422778859 2.7791834533724833
0 54.4 5.146062475598399 2.7024736145767907
0 54.6 5.081909528417938 2.625763775781098
0 54.8 5.017756581237478 2.5490539369854055
0 55.0 4.953603634057018 2.472344098189713
0 55.2 4.8894506868765575 2.3956342593940203
0 55.4 4.825297739696097 2.3189244205983277
0 55.6 4.761144792515637 2.242214581802635
0 55.8 4.696991845335177 2.1655047430069425
0 56.0 4.632838898154716 2.08879490421125
0 56.2 4.568685950974256 2.0120850654155573
0 56.4 4.504533003793796 1.935375226619865
0 56.6 4.440380056613336 1.8586653878241726
0 56.8 4.376227109432875 1.7819555490284802
0 57.0 4.312074162252415 1.7052457102327878
0 57.2 4.247921215071955 1.6285358714370954
0 57.4 4.1837682678914945 1.551826032641403
0 57.6 4.119615320711034 1.4751161938457107
0 57.8 4.055462373530574 1.3984063550500183
0 58.0 3.991309426350114 1.321696516254326
0 58.2 3.9271564791696543 1.2449866774586336
0 58.4 3.8630035319891944 1.1682768386629412
0 58.6 3.7988505848087346 1.0915669998672488
0 58.8 3.734697637628275 1.0148571610715564
0 59.0 3.670544690447815 0.938147322275864
0 59.2 3.606391743267355 0.8614374834801715
0 59.4 3.513680470715721 0.7505794935583254
0 59.6 3.578790193515154 0.8264789270014086
0 59.8 3.6438999163145867 0.9023783604444917
0 60.0 3.7090096391140195 0.9782777938875749
0 60.2 3.7741193619134523 1.054177227330658
0 60.4 3.839229084712885 1.1300766607737411
0 60.6 3.904338807512318 1.2059760942168243
0 60.8 3.969448530311751 1.2818755276599074
0 61.0 4.034558253111184 1.3577749611029906
0 61.2 4.099667975910617 1.4336743945460737
0 61.4 4.164777698710051 1.5095738279891568
0 61.6 4.229887421509484 1.58547326143224
0 61.8 4.294997144308917 1.6613726948753231
0 62.0 4.3601068671083505 1.7372721283184063
0 62.2 4.425216589907784 1.8131715617614894
0 62.4 4.490326312707217 1.8890709952045726
0 62.6 4.55543603550665 1.9649704286476557
0 62.8 4.620545758306084 2.0408698620907386
0 63.0 4.685655481105517 2.1167692955338215
0 63.2 4.75076520390495 2.1926687289769045
0 63.4 4.815874926704383 2.2685681624199874
0 63.6 4.880984649503817 2.3444675958630703
0 63.8 4.94609437230325 2.420367029306153
0 64.0 5.011204095102683 2.496266462749236
0 64.2 5.0763138179021166 2.572165896192319
0 64.4 5.14142354070155 2.648065329635402
0 64.6 5.206533263500983 2.723964763078485
0 64.8 5.271642986300416 2.799864196521568
0 65.0 5.33675270909985 2.8757636299646507
0 65.2 5.401862431899283 2.9516630634077337
0 65.4 5.466972154698716 3.0275624968508166
0 65.6 5.5320818774981495 3.1034619302938995
0 65.8 5.597191600297583 3.1793613637369824
0 66.0 5.662301323097016 3.2552607971800653
0 66.2 5.727411045896449 3.3311602306231483
0 66.4 5.792520768695883 3.407059664066231
0 66.6 5.857630491495316 3.482959097509314
0 66.8 5.922740214294749 3.558858530952397
0 67.0 5.9878499370941825 3.63475796439548
0 67.2 6.052959659893616 3.710657397838563
0 67.4 6.118069382693049 3.7865568312816458
0 67.6 6.183179105492482 3.8624562647247287
0 67.8 6.248288828291916 3.9383556981678116
0 68.0 6.313398551091349 4.014255131610895
0 68.2 6.378508273890782 4.090154565053978
0 68.4 6.443617996690215 4.166053998497061
0 68.6 6.508727719489649 4.241953431940144
0 68.8 6.573837442289082 4.317852865383227
0 69.0 6.638947165088515 4.39375229882631
0 69.2 6.7040568878879485 4.4696517322693925
0 69.4 6.769166610687382 4.545551165712475
0 69.6 6.834276333486815 4.621450599155558
0 69.8 6.899386056286248 4.697350032598641
0 70.0 6.964495779085682 4.773249466041724
0 70.2 7.029605501885115 4.849148899484807
0 70.4 7.094715224684548 4.92504833292789
0 70.6 7.1598249474839815 5.000947766370973
0 70.8 7.224934670283415 5.076847199814056
0 71.0 7.290044393082848 5.152746633257139
0 71.2 7.355154115882281 5.228646066700222
0 71.4 7.420263838681715 5.304545500143305
0 71.6 7.485373561481148 5.3804449335863875
0 71.8 7.550483284280581 5.4563443670294705
0 72.0 7.615593007080014 5.532243800472553
0 72.2 7.680702729879448 5.608143233915636
0 72.4 7.745812452678881 5.684042667358719
0 72.6 7.810922175478314 5.759942100801802
0 72.8 7.8760318982777475 5.835841534244885
0 73.0 7.941141621077181 5.911740967687968
0 73.2 8.006251343876613 5.987640401131051
0 73.4 8.071361066676046 6.063539834574134
0 73.6 8.136470789475478 6.139439268017217
0 73.8 8.20158051227491 6.2153387014603
0 74.0 8.266690235074343 6.291238134903383
0 74.2 8.331799957873775 6.3671375683464655
0 74.4 8.396909680673208 6.443037001789548
0 74.6 8.46201940347264 6.518936435232631
0 74.8 8.527129126272072 6.594835868675714
0 75.0 8.592238849071505 6.670735302118797
0 75.2 8.657348571870937 6.74663473556188
0 75.4 8.72245829467037 6.822534169004963
0 75.6 8.787568017469802 6.898433602448046
0 75.8 8.852677740269234 6.974333035891129
0 76.0 8.917787463068667 7.050232469334212
0 76.2 8.982897185868099 7.126131902777295
0 76.4 9.048006908667531 7.202031336220378
0 76.6 9.113116631466964 7.2779307696634605
0 76.8 9.178226354266396 7.3538302031065435
0 77.0 9.243336077065829 7.429729636549626
0 77.2 9.308445799865261 7.505629069992709
0 77.4 9.373555522664693 7.581528503435792
0 77.6 9.438665245464126 7.657427936878875
0 77.8 9.503774968263558 7.733327370321958
0 78.0 9.56888469106299 7.809226803765041
0 78.2 9.633994413862423 7.885126237208124
0 78.4 9.699104136661855 7.961025670651207
0 78.6 9.764213859461288 8.03692510409429
0 78.8 9.82932358226072 8.112824537537374
0 79.0 9.894433305060153 8.188723970980458
0 79.2 9.959543027859585 8.264623404423542
0 79.4 10.024652750659017 8.340522837866626
0 79.6 10.08976247345845 8.41642227130971
0 79.8 10.154872196257882 8.492321704752793
0 80.0 10.219981919057314 8.568221138195877
0 80.2 10.285091641856747 8.644120571638961
0 80.4 10.35020136465618 8.720020005082045
0 80.6 10.415311087455612 8.795919438525129
0 80.8 10.480420810255044 8.871818871968213
0 81.0 10.545530533054476 8.947718305411296
0 81.2 10.610640255853909 9.02361773885438
0 81.4 10.675749978653341 9.099517172297464
0 81.6 10.740859701452774 9.175416605740548
0 81.8 10.805969424252206 9.251316039183632
0 82.0 10.871079147051638 9.327215472626715
0 82.2 10.93618886985107 9.4031149060698
0 82.4 11.001298592650503 9.479014339512883
0 82.6 11.066408315449936 9.554913772955967
0 82.8 11.131518038249368 9.63081320639905
0 83.0 11.1966277610488 9.706712639842134
0 83.2 11.261737483848233 9.782612073285218
0 83.4 11.326847206647665 9.858511506728302
0 83.6 11.391956929447097 9.934410940171386
0 83.8 11.45706665224653 10.01031037361447
0 84.0 11.522176375045962 10.086209807057553
0 84.2 11.587286097845395 10.162109240500637
0 84.4 11.652395820644827 10.238008673943721
0 84.6 11.71750554344426 10.313908107386805
0 84.8 11.782615266243692 10.389807540829889
0 85.0 11.847724989043124 10.465706974272972
0 85.2 11.912834711842557 10.541606407716056
0 85.4 11.977944434641989 10.61750584115914
0 85.6 12.043054157441421 10.693405274602224
0 85.8 12.108163880240854 10.769304708045308
0 86.0 12.173273603040286 10.845204141488392
0 86.2 12.238383325839719 10.921103574931475
0 86.4 12.303493048639151 10.99700300837456
0 86.6 12.368602771438583 11.072902441817643
0 86.8 12.433712494238016 11.148801875260727
0 87.0 12.498822217037448 11.22470130870381
0 87.2 12.56393193983688 11.300600742146894
0 87.4 12.629041662636313 11.376500175589978
0 87.6 12.694151385435745 11.452399609033062
0 87.8 12.759261108235178 11.528299042476146
0 88.0 12.82437083103461 11.60419847591923
0 88.2 12.889480553834042 11.680097909362313
0 88.4 12.954590276633475 11.755997342805397
0 88.6 13.019699999432907 11.831896776248481
0 88.8 13.08480972223234 11.907796209691565
0 89.0 13.149919445031772 11.983695643134649
0 89.2 13.215029167831204 12.059595076577732
0 89.4 13.280138890630637 12.135494510020816
0 89.6 13.34524861343007 12.2113939434639
0 89.8 13.410358336229502 12.287293376906984
0 90.0 13.475468059028934 12.363192810350068
0 90.2 13.540577781828366 12.439092243793151
0 90.4 13.605687504627799 12.514991677236235
0 90.6 13.670797227427231 12.590891110679319
0 90.8 13.735906950226664 12.666790544122403
0 91.0 13.801016673026096 12.742689977565487
0 91.2 13.866126395825528 12.81858941100857
0 91.4 13.93123611862496 12.894488844451654
0 91.6 13.996345841424393 12.970388277894738
0 91.8 14.061455564223825 13.046287711337822
0 92.0 14.126565287023258 13.122187144780906
0 92.2 14.19167500982269 13.19808657822399
0 92.4 14.256784732622123 13.273986011667073
0 92.6 14.321894455421555 13.349885445110157
0 92.8 14.387004178220987 13.425784878553241
0 93.0 14.45211390102042 13.501684311996325
0 93.2 14.517223623819852 13.577583745439409
0 93.4 14.582333346619285 13.653483178882492
0 93.6 14.647443069418717 13.729382612325576
0 93.8 14.71255279221815 13.80528204576866
0 94.0 14.777662515017582 13.881181479211744
0 94.2 14.842772237817014 13.957080912654828
0 94.4 14.907881960616447 14.032980346097911
0 94.6 14.972991683415879 14.108879779540995
0 94.8 15.038101406215311 14.184779212984079
0 95.0 15.103211129014744 14.260678646427163
0 95.2 15.168320851814176 14.336578079870247
0 95.4 15.233430574613608 14.41247751331333
0 95.6 15.298540297413041 14.488376946756414
0 95.8 15.363650020212473 14.564276380199498
0 96.0 15.428759743011906 14.640175813642582
0 96.2 15.493869465811338 14.716075247085666
0 96.4 15.55897918861077 14.79197468052875
0 96.6 15.624088911410203 14.867874113971833
0 96.8 15.689198634209635 14.943773547414917
0 97.0 15.754308357009068 15.019672980858001
0 97.2 15.8194180798085 15.095572414301085
0 97.4 15.884527802607932 15.171471847744169
0 97.6 15.949637525407365 15.247371281187252
0 97.8 16.0147472482068 15.323270714630336
0 98.0 16.079856971006233 15.39917014807342
0 98.2 16.144966693805667 15.475069581516504
0 98.4 16.2100764166051 15.550969014959588
0 98.6 16.275186139404536 15.626868448402671
0 98.8 16.34029586220397 15.702767881845755
0 99.0 16.405405585003404 15.778667315288839
0 99.2 16.470515307802838 15.854566748731923
0 99.4 16.535625030602272 15.930466182175007
0 99.6 16.600734753401706 16.00636561561809
0 99.8 16.66584447620114 16.082265049061174
0 100.0 16.730954199000575 16.158164482504258
0 100.2 16.79606392180001 16.234063915947342
0 100.4 16.861173644599443 16.309963349390426
0 100.6 16.926283367398877 16.38586278283351
0 100.8 16.99139309019831 16.461762216276593
0 101.0 17.056502812997746 16.537661649719677
0 101.2 17.12161253579718 16.61356108316276
0 101.4 17.186722258596614 16.689460516605845
0 101.6 17.251831981396048 16.76535995004893
0 101.8 17.316941704195482 16.841259383492012
0 102.0 17.382051426994916 16.917158816935096
0 102.2 17.44716114979435 16.99305825037818
0 102.4 17.512270872593785 17.068957683821264
0 102.6 17.57738059539322 17.144857117264348
0 102.8 17.642490318192653 17.22075655070743
0 103.0 17.707600040992087 17.296655984150515
0 103.2 17.77270976379152 17.3725554175936
0 103.4 17.837819486590956 17.448454851036683
0 103.6 17.90292920939039 17.524354284479767
0 103.8 17.968038932189824 17.60025371792285
0 104.0 18.033148654989258 17.676153151365934
0 104.2 18.098258377788692 17.752052584809018
0 104.4 18.163368100588126 17.827952018252102
0 104.6 18.22847782338756 17.903851451695186
0 104.8 18.293587546186995 17.97975088513827
0 105.0 18.35869726898643 18.055650318581353
0 105.2 18.423806991785863 18.131549752024437
0 105.4 18.488916714585297 18.20744918546752
0 105.6 18.55402643738473 18.283348618910605
0 105.8 18.619136160184166 18.35924805235369
0 106.0 18.6842458829836 18.435147485796772
0 106.2 18.749355605783034 18.511046919239856
0 106.4 18.814465328582468 18.58694635268294
0 106.6 18.879575051381902 18.662845786126024
0 106.8 18.944684774181336 18.738745219569108
0 107.0 19.00979449698077 18.81464465301219
0 107.2 19.074904219780205 18.890544086455275
0 107.4 19.14001394257964 18.96644351989836
0 107.6 19.205123665379073 19.042342953341443
0 107.8 19.270233388178507 19.118242386784527
0 108.0 19.33534311097794 19.19414182022761
0 108.2 19.403554492684403 19.273656906504872
0 108.4 19.33313661749413 19.202654632923757
0 108.6 19.262718742303857 19.13165235934264
0 108.8 19.192300867113584 19.060650085761527
0 109.0 19.12188299192331 18.98964781218041
0 109.2 19.051465116733038 18.918645538599296
0 109.4 18.981047241542765 18.84764326501818
0 109.6 18.91062936635249 18.776640991437066
0 109.8 18.84021149116222 18.70563871785595
0 110.0 18.769793615971945 18.634636444274836
0 110.2 18.699375740781672 18.56363417069372
0 110.4 18.6289578655914 18.492631897112606
0 110.6 18.558539990401126 18.42162962353149
0 110.8 18.488122115210853 18.350627349950376
0 111.0 18.41770424002058 18.27962507636926
0 111.2 18.347286364830307 18.208622802788145
0 111.4 18.276868489640034 18.13762052920703
0 111.6 18.20645061444976 18.066618255625915
0 111.8 18.136032739259488 17.9956159820448
0 112.0 18.065614864069214 17.924613708463685
0 112.2 17.99519698887894 17.85361143488257
0 112.4 17.92477911368867 17.782609161301455
0 112.6 17.854361238498395 17.71160688772034
0 112.8 17.783943363308122 17.640604614139225
0 113.0 17.71352548811785 17.56960234055811
0 113.2 17.643107612927576 17.498600066976994
0 113.4 17.572689737737303 17.42759779339588
0 113.6 17.50227186254703 17.356595519814764
0 113.8 17.431853987356757 17.28559324623365
0 114.0 17.361436112166484 17.214590972652534
0 114.2 17.29101823697621 17.14358869907142
0 114.4 17.220600361785937 17.072586425490304
0 114.6 17.150182486595664 17.00158415190919
0 114.8 17.07976461140539 16.930581878328073
0 115.0 17.009346736215118 16.85957960474696
0 115.2 16.938928861024845 16.788577331165843
0 115.4 16.868510985834572 16.717575057584728
0 115.6 16.7980931106443 16.646572784003613
0 115.8 16.727675235454026 16.575570510422498
0 116.0 16.657257360263753 16.504568236841383
0 116.2 16.58683948507348 16.433565963260268
0 116.4 16.516421609883206 16.362563689679153
0 116.6 16.446003734692933 16.291561416098038
0 116.8 16.37558585950266 16.220559142516922
0 117.0 16.305167984312387 16.149556868935807
0 117.2 16.234750109122114 16.078554595354692
0 117.4 16.16433223393184 16.007552321773577
0 117.6 16.093914358741568 15.936550048192464
0 117.8 16.023496483551295 15.86554777461135
0 118.0 15.953078608361023 15.794545501030237
0 118.2 15.882660733170752 15.723543227449124
0 118.4 15.81224285798048 15.65254095386801
0 118.6 15.74182498279021 15.581538680286897
0 118.8 15.671407107599938 15.510536406705784
0 119.0 15.600989232409667 15.43953413312467
0 119.2 15.530571357219396 15.368531859543557
0 119.4 15.460153482029124 15.297529585962444
0 119.6 15.389735606838853 15.22652731238133
0 119.8 15.319317731648582 15.155525038800217
0 120.0 15.24889985645831 15.084522765219104
0 120.2 15.178481981268039 15.01352049163799
0 120.4 15.108064106077768 14.942518218056877
0 120.6 15.037646230887496 14.871515944475764
0 120.8 14.967228355697225 14.80051367089465
0 121.0 14.896810480506954 14.729511397313537
0 121.2 14.826392605316682 14.658509123732424
0 121.4 14.755974730126411 14.58750685015131
0 121.6 14.68555685493614 14.516504576570197
0 121.8 14.615138979745868 14.445502302989084
0 122.0 14.544721104555597 14.37450002940797
0 122.2 14.474303229365326 14.303497755826857
0 122.4 14.403885354175054 14.232495482245744
0 122.6 14.333467478984783 14.16149320866463
0 122.8 14.263049603794512 14.090490935083517
0 123.0 14.19263172860424 14.019488661502404
0 123.2 14.12221385341397 13.94848638792129
0 123.4 14.051795978223698 13.877484114340177
0 123.6 13.981378103033427 13.806481840759064
0 123.8 13.910960227843155 13.73547956717795
0 124.0 13.840542352652884 13.664477293596837
0 124.2 13.770124477462613 13.593475020015724
0 124.4 13.699706602272341 13.52247274643461
0 124.6 13.62928872708207 13.451470472853497
0 124.8 13.558870851891799 13.380468199272384
0 125.0 13.488452976701527 13.30946592569127
0 125.2 13.418035101511256 13.238463652110157
0 125.4 13.347617226320985 13.167461378529044
0 125.6 13.277199351130713 13.09645910494793
0 125.8 13.206781475940442 13.025456831366817
0 126.0 13.13636360075017 12.954454557785704
0 126.2 13.0659457255599 12.88345228420459
0 126.4 12.995527850369628 12.812450010623477
0 126.6 12.925109975179357 12.741447737042364
0 126.8 12.854692099989085 12.67044546346125
0 127.0 12.784274224798814 12.599443189880137
0 127.2 12.713856349608543 12.528440916299024
0 127.4 12.643438474418272 12.45743864271791
0 127.6 12.573020599228 12.386436369136797
0 127.8 12.502602724037729 12.315434095555684
0 128.0 12.432184848847458 12.24443182197457
0 128.2 12.361766973657186 12.173429548393457
0 128.4 12.291349098466915 12.102427274812344
0 128.6 12.220931223276644 12.03142500123123
0 128.8 12.150513348086372 11.960422727650117
0 129.0 12.080095472896101 11.889420454069004
0 129.2 12.00967759770583 11.81841818048789
0 129.4 11.939259722515558 11.747415906906777
0 129.6 11.868841847325287 11.676413633325664
0 129.8 11.798423972135016 11.60541135974455
0 130.0 11.728006096944744 11.534409086163437
0 130.2 11.657588221754473 11.463406812582324
0 130.4 11.587170346564202 11.39240453900121
0 130.6 11.51675247137393 11.321402265420097
0 130.8 11.44633459618366 11.250399991838984
0 131.0 11.375916720993388 11.17939771825787
0 131.2 11.305498845803116 11.108395444676757
0 131.4 11.235080970612845 11.037393171095644
0 131.6 11.164663095422574 10.96639089751453
0 131.8 11.094245220232303 10.895388623933417
0 132.0 11.023827345042031 10.824386350352304
0 132.2 10.95340946985176 10.75338407677119
0 132.4 10.882991594661489 10.682381803190077
0 132.6 10.812573719471217 10.611379529608964
0 132.8 10.742155844280946 10.54037725602785
0 133.0 10.671737969090675 10.469374982446737
0 133.2 10.601320093900403 10.398372708865624
0 133.4 10.530902218710132 10.32737043528451
0 133.6 10.46048434351986 10.256368161703397
0 133.8 10.39006646832959 10.185365888122284
0 134.0 10.319648593139318 10.11436361454117
0 134.2 10.249230717949047 10.043361340960058
0 134.4 10.178812842758775 9.972359067378944
0 134.6 10.108394967568504 9.90135679379783
0 134.8 10.037977092378233 9.830354520216718
0 135.0 9.967559217187961 9.759352246635604
0 135.2 9.89714134199769 9.68834997305449
0 135.4 9.826723466807419 9.617347699473378
0 135.6 9.756305591617147 9.546345425892264
0 135.8 9.685887716426876 9.47534315231115
0 136.0 9.615469841236605 9.404340878730038
0 136.2 9.545051966046334 9.333338605148924
0 136.4 9.474634090856062 9.26233633156781
0 136.6 9.404216215665791 9.191334057986698
0 136.8 9.33379834047552 9.120331784405584
0 137.0 9.263380465285248 9.049329510824471
0 137.2 9.192962590094977 8.978327237243358
0 137.4 9.122544714904706 8.907324963662244
0 137.6 9.052126839714434 8.836322690081131
0 137.8 8.981708964524163 8.765320416500018
0 138.0 8.911291089333892 8.694318142918904
0 138.2 8.84087321414362 8.623315869337791
0 138.4 8.770455338953349 8.552313595756678
0 138.6 8.700037463763078 8.481311322175564
0 138.8 8.629619588572806 8.410309048594451
0 139.0 8.559201713382535 8.339306775013338
0 139.2 8.488783838192264 8.268304501432224
0 139.4 8.418365963001992 8.197302227851111
0 139.6 8.347948087811721 8.126299954269998
0 139.8 8.27753021262145 8.055297680688884
0 140.0 8.207112337431179 7.98429540710777
0 140.2 8.136694462240907 7.913293133526656
0 140.4 8.066276587050636 7.842290859945542
0 140.6 7.995858711860365 7.771288586364427
0 140.8 7.925440836670093 7.700286312783313
0 141.0 7.855022961479822 7.629284039202199
0 141.2 7.784605086289551 7.558281765621085
0 141.4 7.714187211099279 7.487279492039971
0 141.6 7.643769335909008 7.416277218458856
0 141.8 7.573351460718737 7.345274944877742
0 142.0 7.502933585528465 7.274272671296628
0 142.2 7.432515710338194 7.203270397715514
0 142.4 7.362097835147923 7.1322681241343995
0 142.6 7.291679959957651 7.061265850553285
0 142.8 7.22126208476738 6.990263576972171
0 143.0 7.150844209577109 6.919261303391057
0 143.2 7.080426334386837 6.848259029809943
0 143.4 7.010008459196566 6.777256756228828
0 143.6 6.939590584006295 6.706254482647714
0 143.8 6.8691727088160235 6.6352522090666
0 144.0 6.798754833625752 6.564249935485486
0 144.2 6.728336958435481 6.4932476619043715
0 144.4 6.6579190832452095 6.422245388323257
0 144.6 6.587501208054938 6.351243114742143
0 144.8 6.517083332864667 6.280240841161029
0 145.0 6.446665457674396 6.209238567579915
0 145.2 6.376247582484124 6.1382362939988
0 145.4 6.305829707293853 6.067234020417686
0 145.6 6.235411832103582 5.996231746836572
0 145.8 6.16499395691331 5.925229473255458
0 146.0 6.094576081723039 5.854227199674344
0 146.2 6.024158206532768 5.783224926093229
0 146.4 5.953740331342496 5.712222652512115
0 146.6 5.883322456152225 5.641220378931001
0 146.8 5.812904580961954 5.570218105349887
0 147.0 5.742486705771682 5.4992158317687725
0 147.2 5.672068830581411 5.428213558187658
0 147.4 5.60165095539114 5.357211284606544
0 147.6 5.5312330802008685 5.28620901102543
0 147.8 5.460815205010597 5.215206737444316
0 148.0 5.390397329820326 5.144204463863201
0 148.2 5.3199794546300545 5.073202190282087
0 148.4 5.249561579439783 5.002199916700973
0 148.6 5.179143704249512 4.931197643119859
0 148.8 5.1087258290592406 4.8601953695387445
0 149.0 5.038307953868969 4.78919309595763
0 149.2 4.967890078678698 4.718190822376516
0 149.4 4.897472203488427 4.647188548795402
0 149.6 4.827054328298155 4.576186275214288
0 149.8 4.756636453107884 4.5051840016331735
0 150.0 4.686218577917613 4.434181728052059
0 150.2 4.615800702727341 4.363179454470945
0 150.4 4.54538282753707 4.292177180889831
0 150.6 4.474964952346799 4.221174907308717
0 150.8 4.404547077156527 4.150172633727602
0 151.0 4.334129201966256 4.079170360146488
0 151.2 4.263711326775985 4.008168086565374
0 151.4 4.193293451585713 3.93716581298426
0 151.6 4.122875576395442 3.8661635394031464
0 151.8 4.052457701205171 3.7951612658220326
0 152.0 3.9820398260148995 3.724158992240919
0 152.2 3.911621950824628 3.653156718659805
0 152.4 3.841204075634357 3.5821544450786913
0 152.6 3.7707862004440855 3.5111521714975775
0 152.8 3.700368325253814 3.4401498979164638
0 153.0 3.629950450063543 3.36914762433535
0 153.2 3.5595325748732716 3.298145350754236
0 153.4 3.4891146996830003 3.2271430771731224
0 153.6 3.418696824492729 3.1561408035920087
0 153.8 3.3482789493024576 3.085138530010895
0 154.0 3.2778610741121863 3.014136256429781
0 154.2 3.207443198921915 2.9431339828486673
0 154.4 3.1370253237316437 2.8721317092675536
0 154.6 3.064860831478704 2.79936832343769
0 154.8 3.106464100777075 2.8903032891202436
0 155.0 3.148067370075446 2.9812382548027974
0 155.2 3.189670639373817 3.072173220485351
0 155.4 3.231273908672188 3.163108186167905
0 155.6 3.272877177970559 3.2540431518504587
0 155.8 3.31448044726893 3.3449781175330124
0 156.0 3.356083716567301 3.435913083215566
0 156.2 3.397686985865672 3.52684804889812
0 156.4 3.439290255164043 3.6177830145806738
0 156.6 3.480893524462414 3.7087179802632275
0 156.8 3.522496793760785 3.7996529459457813
0 157.0 3.564100063059156 3.890587911628335
0 157.2 3.605703332357527 3.981522877310889
0 157.4 3.647306601655898 4.072457842993442
0 157.6 3.688909870954269 4.1633928086759955
0 157.8 3.73051314025264 4.254327774358549
0 158.0 3.772116409551011 4.345262740041102
0 158.2 3.813719678849382 4.4361977057236555
0 158.4 3.855322948147753 4.527132671406209
0 158.6 3.896926217446124 4.618067637088762
0 158.8 3.938529486744495 4.709002602771315
0 159.0 3.980132756042866 4.799937568453869
0 159.2 4.021736025341236 4.890872534136422
0 159.4 4.063339294639607 4.981807499818975
0 159.6 4.1049425639379775 5.072742465501529
0 159.8 4.146545833236348 5.163677431184082
