0 0.00 0.00 3
0 0.10 0.20 3
0 0.20 0.40 3
0 0.30 0.60 3
0 0.40 0.80 3
0 0.50 1.00 3
0 0.60 1.20 3
0 0.70 1.40 3
0 0.80 1.60 3
0 0.90 1.80 3
0 1.00 2.00 3
0 1.10 2.20 3
0 1.20 2.40 3
0 1.30 2.60 3
0 1.40 2.80 3
0 1.50 3.00 3
0 1.60 3.20 3
0 1.70 3.40 3
0 1.80 3.60 3
0 1.90 3.80 3
0 2.00 4.00 3
0 2.10 4.20 3
0 2.20 4.40 3
0 2.30 4.60 3
0 2.40 4.80 3
0 2.50 5.00 3
0 2.60 5.20 3
0 2.70 5.40 3
0 2.80 5.60 3
0 2.90 5.80 3
0 3.00 6.00 3
0 3.10 6.20 3
0 3.20 6.40 3
0 3.30 6.60 3
0 3.40 6.80 3
0 3.50 7.00 3
0 3.60 7.20 3
0 3.70 7.40 3
0 3.80 7.60 3
0 3.90 7.80 3
0 4.00 8.00 3
0 4.10 8.20 3
0 4.20 8.40 3
0 4.30 8.60 3
0 4.40 8.80 3
0 4.50 9.00 3
0 4.60 9.20 3
0 4.70 9.40 3
0 4.80 9.60 3
0 4.90 9.80 3
0 5.00 10.00 3
0 5.10 10.20 3
0 5.20 10.40 3
0 5.30 10.60 3
0 5.40 10.80 3
0 5.50 11.00 3
0 5.60 11.20 3
0 5.70 11.40 3
0 5.80 11.60 3
0 5.90 11.80 3
0 6.00 12.00 3
0 6.10 12.20 3
0 6.20 12.40 3
0 6.30 12.60 3
0 6.40 12.80 3
0 6.50 13.00 3
0 6.60 13.20 3
0 6.70 13.40 3
0 6.80 13.60 3
0 6.90 13.80 3
0 7.00 14.00 3
0 7.10 14.20 3
0 7.20 14.40 3
0 7.30 14.60 3
0 7.40 14.80 3
0 7.50 15.00 3
0 7.60 15.20 3
0 7.70 15.40 3
0 7.80 15.60 3
0 7.90 15.80 3
0 8.00 16.00 3
0 8.10 15.80 3
0 8.20 15.60 3
0 8.30 15.40 3
0 8.40 15.20 3
0 8.50 15.00 3
0 8.60 14.80 3
0 8.70 14.60 3
0 8.80 14.40 3
0 8.90 14.20 3
0 9.00 14.00 3
0 9.10 13.80 3
0 9.20 13.60 3
0 9.30 13.40 3
0 9.40 13.20 3
0 9.50 13.00 3
0 9.60 12.80 3
0 9.70 12.60 3
0 9.80 12.40 3
0 9.90 12.20 3
0 10.00 12.00 3
0 10.10 11.80 3
0 10.20 11.60 3
0 10.30 11.40 3
0 10.40 11.20 3
0 10.50 11.00 3
0 10.60 10.80 3
0 10.70 10.60 3
0 10.80 10.40 3
0 10.90 10.20 3
0 11.00 10.00 3
0 11.10 9.80 3
0 11.20 9.60 3
0 11.30 9.40 3
0 11.40 9.20 3
0 11.50 9.00 3
0 11.60 8.80 3
0 11.70 8.60 3
0 11.80 8.40 3
0 11.90 8.20 3
0 12.00 8.00 3
0 12.10 7.80 3
0 12.20 7.60 3
0 12.30 7.40 3
0 12.40 7.20 3
0 12.50 7.00 3
0 12.60 6.80 3
0 12.70 6.60 3
0 12.80 6.40 3
0 12.90 6.20 3
0 13.00 6.00 3
0 13.10 5.80 3
0 13.20 5.60 3
0 13.30 5.40 3
0 13.40 5.20 3
0 13.50 5.00 3
0 13.60 4.80 3
0 13.70 4.60 3
0 13.80 4.40 3
0 13.90 4.20 3
0 14.00 4.00 3
0 14.10 3.80 3
0 14.20 3.60 3
0 14.30 3.40 3
0 14.40 3.20 3
0 14.50 3.00 3
0 14.60 2.80 3
0 14.70 2.60 3
0 14.80 2.40 3
0 14.90 2.20 3
0 15.00 2.00 3
0 15.10 1.80 3
0 15.20 1.60 3
0 15.30 1.40 3
0 15.40 1.20 3
0 15.50 1.00 3
0 15.60 0.80 3
0 15.70 0.60 3
0 15.80 0.40 3
0 15.90 0.20 3
